0 9 339
1 12 342
2 15 345
3 18 348
4 24 354
5 27 357
6 30 360
7 30 363
8 33 366
9 33 369
10 36 372
11 39 375
12 39 378
13 42 381
14 42 384
15 45 384
16 45 387
17 45 390
18 48 393
19 51 396
20 51 399
21 54 399
22 54 402
23 57 405
24 57 408
25 60 408
26 60 411
27 63 411
28 63 414
29 66 417
30 69 417
31 69 420
32 72 423
33 75 426
34 78 426
35 78 429
36 81 432
37 84 435
38 87 435
39 90 438
40 93 438
41 96 441
42 99 441
43 102 444
44 105 444
45 105 447
46 108 447
47 111 450
48 114 450
49 114 453
50 117 453
51 117 456
52 120 456
53 123 456
54 123 459
55 126 459
56 126 462
57 129 462
58 129 465
59 132 465
60 135 465
61 135 468
62 138 468
63 138 471
64 141 471
65 144 474
66 147 474
67 153 480
68 159 483
69 165 486
70 168 486
71 171 489
72 174 489
73 177 492
74 180 492
75 183 495
76 186 498
77 192 498
78 195 501
79 198 504
80 201 504
81 204 507
82 207 510
83 210 510
84 213 510
85 216 513
86 219 516
87 222 516
88 222 519
89 228 522
90 231 522
91 237 525
92 240 528
93 246 531
94 249 531
95 252 534
96 255 537
97 258 537
98 261 537
99 264 540
100 267 540
101 270 543
102 273 543
103 276 543
104 279 546
105 282 546
106 288 549
107 291 549
108 294 549
109 297 552
110 300 552
111 303 552
112 306 552
113 309 552
114 309 555
115 312 555
116 315 555
117 318 555
118 321 555
119 321 558
120 324 558
121 327 558
122 327 561
123 330 561
124 333 561
125 333 564
126 336 564
127 339 567
128 342 567
129 345 570
130 348 570
131 351 570
132 351 573
133 354 573
134 357 573
135 360 573
136 363 573
137 366 573
138 369 573
139 372 573
140 375 573
141 378 573
142 381 573
143 384 573
144 387 573
145 390 573
146 393 573
147 396 573
148 399 573
149 402 573
150 405 573
151 408 573
152 411 573
153 414 573
154 417 573
155 420 573
156 423 573
157 426 573
158 429 573
159 432 570
160 435 570
161 438 570
162 441 570
163 444 570
164 447 570
165 450 570
166 453 570
167 456 570
168 459 570
169 462 570
170 465 570
171 468 573
172 474 579
173 477 582
174 480 588
175 483 591
176 486 597
177 486 600
178 489 603
179 492 606
180 492 609
181 495 609
182 495 612
183 498 612
184 498 615
185 501 615
186 504 615
187 507 615
188 510 615
189 513 615
190 516 615
191 519 615
192 522 615
193 528 615
194 531 615
195 537 615
196 540 615
197 546 615
198 555 615
199 558 615
200 564 615
201 570 615
202 573 615
203 576 615
204 582 615
205 585 615
206 591 615
207 594 615
208 603 615
209 609 615
210 612 615
211 615 618
212 618 618
213 621 618
214 621 621
215 624 621
216 627 624
217 630 624
218 633 627
219 636 627
220 639 627
221 642 630
222 645 630
223 648 633
224 651 633
225 654 636
226 657 636
227 660 636
228 663 636
229 666 639
230 669 639
231 672 639
232 672 642
233 672 645
234 672 648
235 672 651
236 669 654
237 669 657
238 666 660
239 666 663
240 666 666
241 663 669
242 663 672
243 663 675
244 660 675
245 660 678
246 660 684
247 657 687
248 657 690
249 657 693
250 654 699
251 651 702
252 651 705
253 651 708
254 651 711
255 648 714
256 648 717
257 648 720
258 648 726
259 648 729
260 648 732
261 648 735
262 648 741
263 648 747
264 648 753
265 648 756
266 648 762
267 648 765
268 648 771
269 648 774
270 648 780
271 648 783
272 651 789
273 651 795
274 651 798
275 654 804
276 654 807
277 654 810
278 654 813
279 654 816
280 657 822
281 657 825
282 657 828
283 657 831
284 657 837
285 660 843
286 660 846
287 660 852
288 660 858
289 660 864
290 660 867
291 660 870
292 663 876
293 663 879
294 663 885
295 663 888
296 666 891
297 666 897
298 666 900
299 666 903
300 669 909
301 669 912
302 669 915
303 669 918
304 672 924
305 672 927
306 672 930
307 675 933
308 675 936
309 675 939
310 678 942
311 678 945
312 678 948
313 681 948
314 681 951
315 681 954
316 684 957
317 687 960
318 687 963
319 690 963
320 690 966
321 690 969
322 693 972
323 696 975
324 696 978
325 696 981
326 699 984
327 702 987
328 702 990
329 705 993
330 708 996
331 708 999
332 711 1002
333 711 1005
334 714 1008
335 717 1011
336 717 1014
337 720 1017
338 723 1020
339 723 1023
340 726 1026
341 726 1029
342 729 1032
343 729 1035
344 735 1041
345 738 1044
346 738 1047
347 744 1053
348 744 1056
349 747 1059
350 750 1065
351 753 1068
352 756 1074
353 756 1077
354 759 1083
355 762 1086
356 765 1089
357 768 1095
358 771 1098
359 771 1101
360 774 1107
361 777 1110
362 780 1110
363 783 1113
364 786 1116
365 786 1119
366 789 1122
367 789 1125
368 792 1125
369 792 1128
370 795 1131
371 795 1134
372 795 1137
373 798 1137
374 798 1140
375 801 1143
376 801 1146
377 801 1149
378 804 1152
379 804 1155
380 804 1158
381 807 1158
382 807 1161
383 810 1167
384 810 1170
385 810 1173
386 813 1176
387 813 1179
388 816 1182
389 816 1185
390 819 1191
391 819 1194
392 819 1197
393 819 1200
394 819 1203
395 822 1206
396 822 1209
397 822 1212
398 822 1215
399 822 1218
400 825 1221
401 825 1224
402 825 1227
403 825 1230
404 828 1236
405 828 1239
406 828 1242
407 831 1245
408 831 1251
409 834 1254
410 834 1257
411 837 1260
412 837 1263
413 840 1269
414 840 1272
415 843 1278
416 846 1281
417 846 1284
418 849 1290
419 852 1293
420 855 1299
421 858 1302
422 861 1305
423 864 1308
424 870 1311
425 873 1317
426 876 1317
427 879 1320
428 882 1320
429 885 1323
430 888 1326
431 891 1326
432 894 1329
433 900 1329
434 903 1332
435 906 1335
436 909 1335
437 915 1335
438 915 1338
439 918 1338
440 921 1341
441 924 1341
442 927 1341
443 930 1344
444 933 1344
445 936 1347
446 939 1347
447 942 1347
448 942 1350
449 945 1350
450 948 1353
451 951 1353
452 951 1356
453 954 1356
454 957 1356
455 957 1359
456 960 1359
457 960 1362
458 963 1362
459 963 1365
460 963 1368
461 966 1371
462 966 1374
463 969 1374
464 969 1377
465 969 1380
466 972 1380
467 972 1383
468 972 1386
469 975 1386
470 975 1389
471 975 1392
472 978 1392
473 978 1395
474 978 1398
475 981 1401
476 981 1404
477 981 1407
478 984 1407
479 984 1410
480 984 1413
481 987 1419
482 987 1425
483 990 1428
484 993 1431
485 993 1434
486 993 1437
487 996 1437
488 996 1440
489 996 1443
490 999 1443
491 999 1446
492 999 1449
493 1002 1449
494 1002 1452
495 1005 1455
496 1008 1455
497 1011 1458
498 1011 1461
499 1014 1461
500 1017 1464
501 1020 1467
502 1023 1470
503 1026 1470
504 1026 1473
505 1029 1476
506 1032 1476
507 1035 1479
508 1041 1479
509 1044 1482
510 1047 1482
511 1050 1485
512 1056 1488
513 1059 1491
514 1065 1497
515 1074 1500
516 1080 1503
517 1089 1509
518 1098 1512
519 1104 1515
520 1110 1518
521 1116 1521
522 1122 1524
523 1128 1524
524 1131 1527
525 1134 1530
526 1137 1530
527 1146 1530
528 1149 1533
529 1155 1533
530 1158 1536
531 1164 1539
532 1167 1539
533 1173 1542
534 1179 1542
535 1185 1545
536 1194 1548
537 1200 1548
538 1206 1548
539 1215 1551
540 1221 1551
541 1227 1554
542 1236 1554
543 1242 1557
544 1245 1557
545 1251 1557
546 1257 1560
547 1260 1560
548 1266 1560
549 1269 1560
550 1272 1563
551 1275 1563
552 1278 1563
553 1281 1566
554 1284 1566
555 1287 1566
556 1290 1566
557 1293 1569
558 1296 1569
559 1299 1572
560 1302 1572
561 1305 1575
562 1308 1575
563 1311 1575
564 1311 1578
565 1314 1578
566 1317 1578
567 1317 1581
568 1320 1581
569 1323 1581
570 1326 1581
571 1326 1584
572 1338 1587
573 1344 1590
574 1350 1593
575 1353 1596
576 1359 1599
577 1362 1602
578 1365 1605
579 1371 1608
580 1374 1611
581 1377 1614
582 1383 1617
583 1386 1617
584 1389 1623
585 1395 1626
586 1398 1629
587 1404 1632
588 1407 1635
589 1410 1638
590 1413 1641
591 1419 1644
592 1419 1647
593 1422 1647
594 1425 1650
595 1428 1653
596 1431 1653
597 1431 1656
598 1434 1656
599 1434 1659
600 1437 1662
601 1440 1662
602 1440 1665
603 1443 1665
604 1443 1668
605 1446 1671
606 1446 1674
607 1449 1674
608 1449 1677
609 1452 1680
610 1452 1683
611 1455 1689
612 1458 1692
613 1461 1698
614 1461 1701
615 1464 1707
616 1464 1713
617 1467 1716
618 1467 1722
619 1470 1728
620 1470 1731
621 1473 1737
622 1473 1740
623 1476 1746
624 1476 1749
625 1479 1755
626 1482 1758
627 1482 1761
628 1482 1767
629 1485 1770
630 1488 1773
631 1488 1779
632 1491 1782
633 1494 1785
634 1494 1791
635 1500 1797
636 1500 1803
637 1503 1809
638 1506 1812
639 1509 1818
640 1512 1824
641 1515 1827
642 1518 1830
643 1521 1833
644 1524 1839
645 1530 1845
646 1533 1848
647 1536 1854
648 1539 1857
649 1545 1863
650 1548 1869
651 1551 1872
652 1554 1878
653 1560 1881
654 1566 1887
655 1569 1890
656 1572 1896
657 1575 1899
658 1581 1905
659 1584 1908
660 1587 1914
661 1590 1917
662 1593 1920
663 1596 1926
664 1599 1929
665 1602 1932
666 1602 1935
667 1605 1938
668 1608 1944
669 1611 1947
670 1614 1950
671 1617 1956
672 1620 1959
673 1623 1962
674 1626 1968
675 1626 1971
676 1632 1980
677 1635 1986
678 1638 1992
679 1641 1995
680 1644 1998
681 1647 2004
682 1647 2007
683 1650 2007
684 1650 2013
685 1656 2019
686 1656 2022
687 1659 2028
688 1662 2031
689 1662 2037
690 1665 2040
691 1668 2043
692 1671 2046
693 1671 2048
694 1674 2048
695 1677 2048
696 1680 2048
697 1683 2048
698 1686 2048
699 1689 2048
700 1695 2048
701 1701 2048
