0 21 231
1 24 231
2 24 234
3 27 237
4 30 240
5 30 243
6 33 243
7 36 243
8 36 246
9 39 246
10 39 249
11 42 249
12 42 252
13 45 255
14 48 258
15 48 261
16 51 261
17 54 267
18 54 270
19 57 273
20 60 273
21 60 276
22 60 279
23 63 282
24 63 285
25 66 285
26 66 288
27 66 291
28 69 291
29 69 294
30 72 297
31 75 300
32 75 303
33 78 306
34 81 309
35 81 312
36 81 315
37 84 318
38 84 321
39 87 324
40 87 327
41 87 330
42 90 330
43 90 336
44 93 339
45 93 342
46 96 345
47 96 348
48 99 351
49 99 354
50 102 354
51 102 357
52 105 357
53 105 360
54 108 360
55 108 363
56 111 363
57 111 366
58 114 366
59 114 369
60 117 369
61 117 372
62 120 372
63 123 372
64 123 375
65 126 375
66 129 378
67 132 378
68 135 381
69 138 381
70 141 384
71 144 387
72 147 390
73 150 393
74 153 393
75 159 396
76 162 399
77 165 402
78 168 405
79 171 405
80 174 408
81 177 411
82 180 414
83 183 417
84 186 417
85 189 420
86 192 423
87 195 423
88 195 426
89 198 426
90 201 429
91 204 432
92 207 432
93 210 435
94 210 438
95 213 438
96 216 441
97 219 441
98 222 444
99 225 447
100 231 450
101 234 450
102 237 453
103 240 456
104 246 459
105 258 465
106 261 468
107 264 468
108 267 468
109 267 471
110 270 471
111 273 471
112 276 474
113 279 474
114 279 477
115 282 477
116 285 477
117 285 480
118 288 480
119 291 480
120 294 480
121 294 483
122 297 483
123 300 483
124 303 483
125 306 486
126 309 486
127 312 489
128 315 489
129 318 489
130 321 492
131 324 492
132 327 492
133 330 492
134 333 492
135 333 495
136 336 495
137 339 495
138 342 495
139 345 495
140 348 495
141 351 495
142 357 495
143 363 498
144 369 498
145 375 498
146 378 498
147 384 498
148 387 498
149 390 498
150 393 498
151 396 498
152 399 498
153 402 498
154 405 498
155 408 498
156 411 498
157 414 498
158 417 498
159 420 498
160 423 498
161 426 498
162 429 498
163 432 498
164 435 498
165 438 498
166 441 495
167 444 495
168 447 495
169 450 495
170 459 495
171 465 495
172 468 495
173 474 495
174 480 495
175 486 498
176 489 501
177 492 501
178 495 501
179 498 501
180 501 501
181 504 501
182 507 501
183 510 501
184 513 501
185 516 501
186 519 501
187 522 501
188 525 501
189 528 501
190 531 501
191 534 501
192 534 504
193 537 507
194 540 510
195 543 513
196 546 516
197 546 519
198 549 522
199 549 525
200 552 525
201 555 525
202 558 525
203 558 522
204 561 522
205 567 519
206 570 519
207 570 516
208 573 516
209 576 513
210 579 510
211 582 507
212 585 504
213 588 501
214 588 498
215 591 498
216 591 495
217 594 492
218 597 492
219 597 489
220 600 489
221 600 486
222 603 486
223 606 483
224 606 480
225 609 480
226 612 480
227 615 477
228 618 477
229 621 474
230 624 474
231 627 474
232 630 474
233 633 474
234 633 471
235 636 471
236 639 471
237 642 471
238 645 471
239 648 471
240 651 471
241 654 471
242 657 471
243 660 471
244 663 471
245 666 471
246 669 471
247 672 471
248 678 471
249 681 471
250 684 471
251 690 474
252 693 477
253 699 477
254 705 480
255 708 480
256 711 483
257 714 486
258 717 489
259 720 489
260 723 492
261 726 492
262 726 495
263 729 495
264 729 498
265 732 498
266 732 501
267 735 501
268 738 501
269 738 504
270 741 504
271 744 504
272 744 507
273 747 507
274 750 507
275 756 507
276 759 510
277 762 510
278 762 513
279 765 513
280 765 516
281 768 516
282 768 519
283 768 522
284 768 525
285 768 528
286 768 531
287 768 534
288 765 540
289 765 543
290 762 546
291 762 549
292 762 552
293 759 555
294 759 558
295 756 561
296 756 564
297 753 570
298 753 573
299 750 576
300 750 579
301 747 579
302 747 582
303 744 588
304 741 594
305 741 597
306 741 600
307 738 603
308 738 606
309 738 609
310 735 618
311 735 624
312 735 627
313 735 633
314 735 636
315 735 639
316 735 642
317 735 645
318 735 648
319 735 651
320 735 654
321 735 657
322 735 660
323 735 663
324 738 663
325 738 669
326 738 672
327 741 675
328 741 678
329 744 681
330 744 684
331 744 690
332 744 693
333 747 699
334 747 702
335 747 708
336 747 711
337 747 717
338 747 726
339 747 729
340 747 735
341 747 741
342 747 747
343 747 753
344 747 759
345 747 765
346 750 771
347 750 777
348 750 783
349 750 789
350 753 795
351 753 798
352 753 804
353 753 810
354 753 813
355 756 819
356 756 828
357 759 831
358 759 837
359 759 840
360 762 846
361 762 849
362 762 855
363 762 858
364 762 861
365 765 867
366 765 870
367 765 873
368 768 876
369 768 879
370 768 882
371 768 885
372 771 891
373 771 894
374 771 897
375 774 900
376 774 903
377 774 906
378 774 909
379 777 912
380 777 915
381 780 921
382 780 924
383 780 927
384 780 930
385 783 936
386 783 939
387 783 948
388 786 960
389 789 969
390 789 978
391 789 981
392 792 990
393 792 993
394 795 1002
395 795 1005
396 795 1008
397 798 1011
398 798 1014
399 798 1017
400 798 1020
401 801 1020
402 801 1023
403 801 1026
404 804 1026
405 804 1029
406 804 1032
407 807 1032
408 807 1035
409 810 1038
410 810 1041
411 813 1041
412 813 1044
413 816 1047
414 816 1050
415 819 1050
416 819 1053
417 822 1053
418 822 1056
419 825 1059
420 825 1062
421 828 1065
422 831 1065
423 831 1068
424 834 1071
425 834 1074
426 837 1077
427 840 1080
428 843 1080
429 843 1083
430 846 1086
431 849 1089
432 849 1092
433 852 1095
434 855 1098
435 855 1101
436 858 1104
437 861 1107
438 864 1110
439 864 1113
440 867 1116
441 870 1119
442 870 1122
443 873 1125
444 876 1128
445 876 1131
446 879 1137
447 882 1137
448 882 1140
449 885 1146
450 888 1146
451 891 1152
452 894 1155
453 894 1158
454 906 1173
455 909 1176
456 915 1182
457 918 1188
458 924 1194
459 927 1197
460 933 1203
461 939 1206
462 942 1209
463 942 1212
464 948 1215
465 951 1218
466 951 1221
467 954 1224
468 957 1227
469 960 1230
470 966 1233
471 966 1236
472 969 1239
473 972 1242
474 975 1245
475 978 1245
476 978 1248
477 981 1251
478 984 1251
479 984 1254
480 987 1254
481 990 1257
482 993 1260
483 996 1260
484 996 1263
485 999 1266
486 1002 1266
487 1002 1269
488 1005 1269
489 1005 1272
490 1008 1272
491 1011 1275
492 1014 1278
493 1017 1281
494 1020 1281
495 1020 1284
496 1023 1284
497 1026 1287
498 1029 1290
499 1032 1290
500 1035 1293
501 1035 1296
502 1038 1299
503 1041 1302
504 1044 1302
505 1047 1305
506 1050 1311
507 1056 1317
508 1059 1323
509 1065 1329
510 1068 1332
511 1071 1338
512 1071 1341
513 1077 1347
514 1080 1350
515 1080 1356
516 1083 1356
517 1083 1359
518 1089 1362
519 1092 1368
520 1095 1371
521 1098 1377
522 1101 1377
523 1101 1380
524 1104 1383
525 1107 1386
526 1107 1389
527 1110 1389
528 1113 1395
529 1113 1398
530 1116 1398
531 1119 1401
532 1119 1404
533 1122 1407
534 1125 1410
535 1128 1410
536 1128 1413
537 1131 1416
538 1134 1419
539 1137 1422
540 1140 1425
541 1140 1428
542 1143 1431
543 1146 1434
544 1146 1437
545 1149 1437
546 1158 1446
547 1158 1449
548 1161 1449
549 1161 1452
550 1164 1452
551 1167 1455
552 1170 1455
553 1173 1455
554 1176 1458
555 1179 1458
556 1182 1461
557 1185 1461
558 1188 1464
559 1191 1467
560 1194 1467
561 1197 1470
562 1200 1470
563 1203 1473
564 1206 1473
565 1209 1473
566 1212 1476
567 1215 1476
568 1218 1476
569 1221 1476
570 1224 1476
571 1227 1476
572 1230 1476
573 1233 1476
574 1239 1476
575 1242 1476
576 1248 1476
577 1251 1473
578 1257 1473
579 1263 1473
580 1269 1473
581 1278 1473
582 1287 1473
583 1293 1473
584 1305 1473
585 1317 1473
586 1323 1473
587 1332 1476
588 1335 1476
589 1344 1479
590 1353 1479
591 1362 1482
592 1368 1482
593 1377 1485
594 1386 1488
595 1398 1491
596 1407 1494
597 1413 1494
598 1422 1497
599 1425 1500
600 1431 1500
601 1434 1500
602 1437 1503
603 1443 1503
604 1449 1506
605 1452 1506
606 1458 1509
607 1461 1512
608 1467 1515
609 1476 1521
610 1482 1524
611 1488 1527
612 1497 1533
613 1503 1536
614 1506 1539
615 1512 1542
616 1515 1545
617 1521 1548
618 1524 1551
619 1524 1554
620 1527 1557
621 1530 1557
622 1530 1560
623 1533 1560
624 1533 1563
625 1536 1563
626 1536 1566
627 1539 1566
628 1539 1569
629 1542 1572
630 1542 1575
631 1545 1575
632 1545 1578
633 1548 1581
634 1551 1590
635 1554 1593
636 1557 1593
637 1560 1596
638 1560 1599
639 1563 1602
640 1563 1605
641 1566 1608
642 1569 1608
643 1572 1611
644 1572 1614
645 1575 1614
646 1578 1617
647 1581 1617
648 1584 1617
649 1584 1620
650 1587 1620
651 1590 1620
652 1593 1620
653 1593 1623
654 1599 1623
655 1602 1623
656 1605 1626
657 1611 1626
658 1614 1626
659 1617 1629
660 1620 1629
661 1623 1632
662 1626 1632
663 1632 1632
664 1632 1635
665 1635 1635
666 1638 1635
667 1641 1638
668 1644 1638
669 1650 1641
670 1653 1641
671 1656 1644
672 1659 1644
673 1662 1647
674 1665 1650
675 1668 1650
676 1671 1653
677 1677 1656
678 1680 1656
679 1683 1659
680 1689 1662
681 1692 1665
682 1695 1665
683 1695 1668
684 1698 1668
685 1698 1671
686 1704 1671
687 1704 1674
688 1707 1677
689 1710 1680
690 1713 1683
691 1716 1683
692 1719 1686
693 1719 1689
694 1722 1689
695 1725 1692
696 1725 1695
697 1728 1695
698 1728 1698
699 1731 1698
700 1731 1701
701 1734 1701
702 1734 1704
703 1737 1704
704 1737 1707
705 1737 1710
706 1740 1710
707 1740 1713
708 1746 1716
709 1749 1722
710 1749 1725
711 1752 1728
712 1752 1731
713 1755 1731
714 1755 1734
715 1758 1737
716 1761 1740
717 1764 1743
718 1764 1746
719 1767 1749
720 1770 1749
721 1773 1752
722 1776 1758
723 1779 1761
724 1782 1764
725 1782 1767
726 1785 1770
727 1788 1773
728 1797 1782
729 1803 1788
730 1806 1791
731 1809 1797
732 1812 1800
733 1815 1803
734 1815 1806
735 1818 1809
736 1821 1812
737 1821 1815
738 1824 1818
739 1827 1818
740 1830 1821
741 1830 1824
742 1833 1824
743 1833 1827
744 1836 1830
745 1836 1833
746 1839 1836
747 1842 1839
748 1845 1839
749 1848 1845
750 1851 1845
751 1854 1848
752 1857 1851
753 1860 1854
754 1863 1854
755 1866 1857
756 1869 1860
757 1872 1860
758 1875 1863
759 1878 1866
760 1881 1869
761 1884 1869
762 1887 1872
763 1890 1875
764 1893 1878
765 1896 1881
766 1902 1881
767 1905 1884
768 1908 1887
769 1911 1890
770 1914 1890
771 1914 1893
772 1920 1893
773 1920 1896
774 1926 1896
775 1929 1899
776 1935 1902
777 1938 1905
778 1941 1908
779 1947 1908
780 1950 1911
781 1956 1911
782 1959 1914
783 1962 1914
784 1971 1917
785 1974 1917
786 1977 1917
787 1983 1917
788 1986 1917
789 1989 1917
790 1995 1917
791 1998 1917
792 2001 1917
793 2007 1917
794 2010 1917
795 2013 1917
796 2016 1917
797 2019 1917
798 2022 1917
799 2025 1917
800 2028 1917
801 2031 1917
802 2037 1917
803 2040 1917
804 2043 1917
805 2046 1917
806 2048 1917
807 2048 1914
808 2048 1911
809 2048 1908
810 2048 1905
811 2048 1902
812 2048 1899
813 2048 1896
814 2048 1893
815 2048 1890
816 2048 1887
817 2048 1884
