0 30 24
1 33 24
2 33 27
3 36 33
4 39 36
5 45 42
6 48 45
7 51 48
8 54 54
9 57 57
10 63 63
11 66 66
12 69 72
13 72 75
14 75 78
15 78 81
16 81 81
17 84 81
18 87 81
19 90 81
20 93 81
21 96 81
22 99 81
23 102 81
24 105 81
25 108 81
26 114 81
27 117 78
28 123 78
29 126 78
30 129 75
31 138 75
32 141 75
33 144 75
34 150 72
35 153 72
36 159 72
37 162 72
38 165 72
39 168 72
40 171 72
41 180 72
42 183 75
43 186 75
44 189 78
45 192 78
46 198 81
47 201 81
48 204 84
49 207 84
50 210 87
51 213 87
52 216 90
53 219 93
54 225 96
55 228 99
56 231 99
57 237 102
58 240 105
59 243 108
60 246 108
61 246 111
62 249 111
63 252 114
64 252 117
65 255 117
66 255 120
67 258 120
68 258 123
69 258 126
70 258 129
71 258 132
72 258 135
73 258 138
74 258 141
75 258 144
76 258 147
77 258 150
78 258 153
79 258 156
80 258 159
81 258 162
82 255 162
83 255 165
84 255 168
85 255 171
86 255 174
87 255 183
88 255 186
89 255 189
90 255 192
91 255 195
92 255 198
93 255 201
94 255 204
95 255 207
96 255 210
97 255 213
98 255 216
99 255 219
100 255 222
101 258 228
102 258 231
103 258 234
104 261 234
105 261 240
106 261 243
107 264 246
108 264 249
109 267 255
110 267 258
111 270 264
112 270 267
113 270 270
114 273 273
115 273 276
116 273 279
117 276 282
118 279 285
119 279 288
120 282 291
121 285 294
122 285 297
123 288 300
124 288 303
125 291 306
126 294 309
127 294 312
128 297 312
129 297 315
130 300 318
131 303 321
132 306 327
133 306 330
134 309 330
135 309 333
136 312 336
137 315 339
138 315 342
139 318 342
140 318 345
141 321 345
142 321 348
143 324 351
144 327 354
145 327 357
146 330 360
147 330 363
148 333 363
149 333 366
150 336 369
151 336 372
152 339 375
153 339 378
154 342 381
155 345 384
156 345 387
157 348 390
158 351 399
159 354 399
160 354 402
161 357 402
162 360 405
163 360 408
164 363 408
165 366 411
166 369 411
167 369 414
168 372 414
169 375 417
170 378 417
171 381 417
172 387 420
173 390 420
174 393 420
175 396 420
176 399 420
177 405 420
178 408 420
179 414 420
180 417 420
181 426 420
182 429 420
183 432 417
184 438 417
185 441 417
186 444 417
187 447 417
188 450 414
189 453 414
190 456 414
191 459 414
192 462 414
193 465 414
194 468 414
195 471 414
196 471 417
197 474 417
198 477 417
199 477 420
200 480 420
201 489 426
202 495 429
203 501 432
204 504 435
205 507 435
206 510 438
207 513 438
208 516 441
209 519 441
210 519 444
211 525 444
212 528 444
213 531 447
214 534 450
215 537 450
216 540 450
217 543 453
218 546 453
219 549 456
220 552 456
221 555 459
222 558 459
223 561 459
224 564 462
225 567 465
226 570 465
227 573 468
228 576 468
229 579 471
230 582 474
231 585 477
232 588 477
233 588 480
234 591 480
235 594 483
236 597 486
237 600 489
238 603 492
239 606 492
240 606 495
241 606 498
242 609 498
243 609 501
244 612 501
245 612 504
246 612 507
247 615 507
248 615 510
249 618 513
250 618 516
251 621 516
252 621 519
253 621 522
254 624 522
255 624 525
256 624 528
257 627 531
258 627 534
259 630 534
260 630 537
261 633 540
262 633 543
263 636 546
264 639 549
265 639 552
266 642 552
267 642 555
268 645 558
269 648 558
270 648 561
271 651 561
272 651 564
273 654 567
274 657 573
275 663 576
276 666 579
277 666 582
278 669 585
279 672 588
280 675 591
281 678 594
282 678 597
283 681 600
284 684 603
285 687 606
286 687 612
287 690 615
288 690 621
289 693 624
290 693 627
291 696 633
292 696 636
293 696 639
294 696 642
295 696 645
296 699 648
297 699 654
298 699 657
299 699 660
300 702 663
301 702 666
302 702 669
303 702 672
304 702 675
305 702 678
306 705 678
307 705 681
308 705 684
309 705 687
310 705 690
311 708 690
312 711 690
313 714 690
314 717 690
315 720 690
316 723 690
317 726 690
318 729 690
319 732 690
320 735 690
321 738 690
322 741 690
323 744 693
324 744 696
325 747 696
326 747 699
327 750 702
328 750 705
329 750 708
330 750 711
331 753 714
332 753 717
333 753 720
334 753 723
335 753 726
336 753 729
337 756 729
338 756 732
339 756 735
340 756 738
341 756 741
342 759 744
343 759 747
344 762 750
345 765 753
346 765 756
347 768 759
348 768 762
349 768 765
350 771 771
351 771 774
352 771 777
353 774 780
354 774 783
355 777 789
356 780 792
357 780 795
358 783 798
359 783 801
360 786 804
361 786 807
362 789 807
363 789 810
364 792 810
365 792 813
366 795 813
367 798 813
368 798 816
369 801 816
370 804 816
371 807 819
372 810 819
373 813 822
374 816 822
375 819 822
376 822 825
377 825 825
378 828 825
379 834 825
380 837 825
381 840 828
382 843 828
383 846 828
384 849 828
385 852 828
386 855 828
387 861 828
388 864 828
389 867 828
390 870 828
391 873 828
392 879 828
393 882 828
394 885 828
395 891 828
396 894 828
397 900 828
398 903 828
399 906 828
400 912 828
401 915 831
402 918 831
403 924 831
404 927 831
405 930 834
406 936 834
407 939 837
408 945 837
409 948 840
410 954 840
411 957 843
412 960 843
413 963 843
414 966 846
415 969 846
416 972 846
417 975 846
418 978 846
419 978 849
420 984 849
421 987 849
422 990 849
423 993 849
424 996 849
425 999 849
426 1002 849
427 1005 849
428 1008 849
429 1011 849
430 1014 852
431 1017 852
432 1023 852
433 1026 852
434 1029 852
435 1032 852
436 1038 852
437 1041 852
438 1047 852
439 1050 852
440 1053 855
441 1059 855
442 1065 855
443 1068 858
444 1077 858
445 1080 858
446 1086 858
447 1092 858
448 1095 861
449 1098 861
450 1104 861
451 1107 861
452 1110 861
453 1116 864
454 1119 864
455 1122 864
456 1125 864
457 1131 864
458 1134 864
459 1137 864
460 1140 867
461 1143 867
462 1146 867
463 1146 870
464 1149 870
465 1149 873
466 1152 876
467 1152 879
468 1155 882
469 1155 885
470 1155 888
471 1158 888
472 1158 891
473 1158 894
474 1158 897
475 1158 900
476 1158 903
477 1158 906
478 1158 909
479 1158 912
480 1158 915
481 1158 918
482 1161 918
483 1161 921
484 1161 924
485 1161 927
486 1161 930
487 1161 933
488 1161 936
489 1161 939
490 1161 942
491 1164 942
492 1164 945
493 1164 948
494 1164 951
495 1167 951
496 1167 954
497 1170 957
498 1173 960
499 1176 960
500 1179 960
501 1182 960
502 1182 963
503 1185 963
504 1188 963
505 1191 963
506 1194 963
507 1197 963
508 1200 966
509 1203 966
510 1206 966
511 1206 969
512 1209 969
513 1212 969
514 1212 972
515 1215 972
516 1218 972
517 1221 975
518 1224 975
519 1227 975
520 1230 978
521 1233 978
522 1233 981
523 1236 981
524 1239 981
525 1239 984
526 1242 984
527 1245 984
528 1245 987
529 1248 987
530 1251 987
531 1251 990
532 1254 990
533 1257 993
534 1260 993
535 1260 996
536 1263 996
537 1266 996
538 1266 999
539 1269 999
540 1272 1002
541 1275 1002
542 1281 1005
543 1287 1005
544 1290 1008
545 1296 1008
546 1302 1011
547 1305 1011
548 1311 1011
549 1317 1011
550 1326 1014
551 1332 1014
552 1335 1014
553 1338 1014
554 1341 1014
555 1344 1014
556 1347 1011
557 1350 1011
558 1353 1008
559 1356 1005
560 1359 1005
561 1359 1002
562 1362 1002
563 1362 999
564 1365 999
565 1368 996
566 1371 996
567 1371 993
568 1374 993
569 1377 993
570 1383 996
571 1386 996
572 1389 999
573 1392 999
574 1395 1002
575 1398 1002
576 1398 1005
577 1401 1005
578 1404 1008
579 1407 1011
580 1410 1011
581 1410 1014
582 1413 1014
583 1416 1017
584 1419 1017
585 1422 1020
586 1425 1020
587 1428 1023
588 1431 1026
589 1434 1026
590 1434 1029
591 1437 1029
592 1440 1029
593 1440 1032
594 1443 1032
595 1443 1035
596 1446 1035
597 1446 1038
598 1449 1038
599 1452 1041
600 1455 1041
601 1455 1044
602 1458 1044
603 1458 1047
604 1461 1047
605 1464 1050
606 1467 1050
607 1467 1053
608 1470 1053
609 1473 1056
610 1476 1056
611 1479 1059
612 1479 1062
613 1482 1062
614 1482 1065
615 1485 1065
616 1485 1068
617 1488 1068
618 1488 1071
619 1491 1074
620 1494 1077
621 1497 1080
622 1503 1086
623 1506 1092
624 1506 1095
625 1509 1101
626 1509 1104
627 1512 1104
628 1512 1107
629 1512 1110
630 1515 1110
631 1515 1113
632 1518 1116
633 1521 1119
634 1521 1122
635 1524 1125
636 1524 1128
637 1527 1131
638 1527 1134
639 1530 1134
640 1530 1137
641 1533 1140
642 1536 1143
643 1539 1146
644 1545 1149
645 1548 1152
646 1548 1155
647 1551 1158
648 1554 1158
649 1554 1161
650 1557 1164
651 1560 1164
652 1560 1167
653 1563 1167
654 1563 1170
655 1566 1170
656 1569 1173
657 1569 1176
658 1572 1176
659 1572 1179
660 1575 1182
661 1578 1185
662 1578 1188
663 1581 1188
664 1581 1191
665 1584 1191
666 1587 1194
667 1587 1197
668 1590 1197
669 1590 1200
670 1593 1203
671 1596 1206
672 1596 1209
673 1599 1209
674 1599 1212
675 1602 1212
676 1602 1215
677 1602 1218
678 1605 1218
679 1605 1224
680 1608 1224
681 1608 1227
682 1611 1230
683 1611 1233
684 1614 1236
685 1614 1242
686 1617 1245
687 1620 1248
688 1620 1251
689 1623 1254
690 1626 1260
691 1626 1263
692 1629 1263
693 1629 1269
694 1632 1272
695 1632 1275
696 1635 1278
697 1635 1281
698 1638 1281
699 1641 1287
700 1641 1290
701 1644 1293
702 1647 1299
703 1650 1302
704 1656 1308
705 1659 1311
706 1659 1314
707 1662 1314
708 1665 1317
709 1668 1320
710 1668 1323
711 1671 1323
712 1671 1326
713 1674 1329
714 1677 1332
715 1680 1335
716 1683 1338
717 1683 1341
718 1686 1341
719 1686 1344
720 1689 1347
721 1692 1350
722 1692 1353
723 1695 1353
724 1695 1356
725 1695 1359
726 1698 1359
727 1698 1362
728 1701 1362
729 1704 1365
730 1704 1368
731 1710 1371
732 1710 1374
733 1716 1377
734 1719 1380
735 1719 1383
736 1722 1386
737 1725 1389
738 1728 1392
739 1728 1395
740 1731 1398
741 1734 1398
742 1734 1401
743 1737 1401
744 1737 1404
745 1740 1407
746 1743 1407
747 1743 1410
748 1746 1410
749 1746 1413
750 1749 1416
751 1752 1419
752 1758 1425
753 1761 1428
754 1764 1428
755 1767 1431
756 1767 1434
757 1767 1437
758 1770 1437
759 1770 1440
760 1773 1440
761 1776 1443
762 1779 1446
763 1779 1449
764 1782 1449
765 1785 1452
766 1788 1452
767 1788 1455
768 1791 1458
769 1797 1461
770 1800 1464
771 1800 1467
772 1803 1467
773 1806 1470
774 1809 1473
775 1812 1476
776 1815 1479
777 1818 1482
778 1821 1485
779 1824 1488
780 1827 1488
781 1830 1491
782 1833 1494
783 1833 1497
784 1836 1497
785 1839 1500
786 1842 1500
787 1845 1503
788 1848 1503
789 1851 1506
790 1854 1506
791 1857 1509
792 1860 1509
793 1866 1512
794 1869 1512
795 1872 1515
796 1875 1515
797 1878 1518
798 1884 1518
799 1887 1521
800 1893 1521
801 1896 1521
802 1902 1524
803 1908 1524
804 1911 1527
805 1917 1527
806 1920 1527
807 1923 1527
808 1926 1530
809 1929 1530
810 1932 1530
811 1935 1533
812 1938 1533
813 1941 1533
814 1941 1536
815 1944 1536
816 1947 1536
817 1950 1536
818 1950 1539
819 1953 1539
820 1956 1539
821 1956 1542
822 1959 1542
823 1962 1542
824 1965 1545
825 1968 1545
826 1971 1545
827 1974 1548
828 1977 1548
829 1977 1551
830 1980 1551
831 1986 1554
832 1989 1554
833 1992 1557
834 1995 1557
835 1998 1560
836 2004 1563
837 2007 1563
838 2013 1566
839 2016 1566
840 2019 1569
841 2022 1569
842 2025 1569
843 2025 1572
844 2028 1572
845 2031 1572
846 2034 1572
847 2034 1575
848 2037 1575
849 2040 1575
850 2040 1578
851 2043 1578
852 2046 1581
853 2048 1587
854 2048 1590
855 2048 1593
856 2048 1596
857 2048 1599
858 2048 1602
