0 177 3
1 180 3
2 198 3
3 204 3
4 216 6
5 219 6
6 228 9
7 234 9
8 237 9
9 240 9
10 243 12
11 246 12
12 249 15
13 252 15
14 252 18
15 255 18
16 258 18
17 258 21
18 261 21
19 264 24
20 267 27
21 270 30
22 273 33
23 273 36
24 276 36
25 276 39
26 279 39
27 279 42
28 279 45
29 282 45
30 282 48
31 282 51
32 285 51
33 285 54
34 288 57
35 288 60
36 288 63
37 291 66
38 291 69
39 291 72
40 294 75
41 294 78
42 294 81
43 297 81
44 297 84
45 297 87
46 300 90
47 300 93
48 300 96
49 300 99
50 300 102
51 300 105
52 303 108
53 303 111
54 303 114
55 303 117
56 303 120
57 303 123
58 303 126
59 306 129
60 306 132
61 306 135
62 306 138
63 306 141
64 306 144
65 306 147
66 309 150
67 309 153
68 309 156
69 312 159
70 312 162
71 312 165
72 312 168
73 315 171
74 315 174
75 315 177
76 318 180
77 318 183
78 318 186
79 321 186
80 321 189
81 321 192
82 321 195
83 324 195
84 324 198
85 327 198
86 327 201
87 330 204
88 330 207
89 333 207
90 333 210
91 336 210
92 336 213
93 339 216
94 342 219
95 345 222
96 348 222
97 348 225
98 351 225
99 354 228
100 357 231
101 360 234
102 363 237
103 366 237
104 369 240
105 372 243
106 375 246
107 378 246
108 378 249
109 381 249
110 384 252
111 387 252
112 387 255
113 390 255
114 393 258
115 393 261
116 396 261
117 399 261
118 402 264
119 405 267
120 408 267
121 411 270
122 414 270
123 417 270
124 420 273
125 423 273
126 423 276
127 429 276
128 432 279
129 441 282
130 447 285
131 453 288
132 456 288
133 462 291
134 465 291
135 468 294
136 471 294
137 474 297
138 480 300
139 483 303
140 486 303
141 489 306
142 492 309
143 495 309
144 498 312
145 504 312
146 504 315
147 510 318
148 510 321
149 513 321
150 516 324
151 519 324
152 522 327
153 525 327
154 525 330
155 528 330
156 528 333
157 531 333
158 531 336
159 537 336
160 537 339
161 540 339
162 543 339
163 543 342
164 546 342
165 546 345
166 549 345
167 552 348
168 555 348
169 558 351
170 561 354
171 564 354
172 564 357
173 567 360
174 570 360
175 573 363
176 576 363
177 579 366
178 582 369
179 585 369
180 588 372
181 591 372
182 594 375
183 600 378
184 603 381
185 606 384
186 609 384
187 612 387
188 615 390
189 618 393
190 621 393
191 627 399
192 630 399
193 633 402
194 636 405
195 639 408
196 642 411
197 648 414
198 651 417
199 654 420
200 660 423
201 666 429
202 672 432
203 675 435
204 678 438
205 681 438
206 684 441
207 687 444
208 690 447
209 693 450
210 696 450
211 696 453
212 699 453
213 699 456
214 702 459
215 705 462
216 708 465
217 708 468
218 711 468
219 714 471
220 714 474
221 717 474
222 720 477
223 720 483
224 723 483
225 723 486
226 726 489
227 729 492
228 729 498
229 732 501
230 735 507
231 738 510
232 741 516
233 744 522
234 747 522
235 747 525
236 750 531
237 750 534
238 753 537
239 756 540
240 756 543
241 759 546
242 762 552
243 762 558
244 765 558
245 765 564
246 765 567
247 768 567
248 768 570
249 768 573
250 771 576
251 771 579
252 771 582
253 774 585
254 774 588
255 774 591
256 777 594
257 777 597
258 780 600
259 780 603
260 783 606
261 783 609
262 783 615
263 786 618
264 786 621
265 789 627
266 792 633
267 795 639
268 795 642
269 798 645
270 798 648
271 801 651
272 801 657
273 804 660
274 804 663
275 804 666
276 807 669
277 807 675
278 810 678
279 810 681
280 813 687
281 813 690
282 813 693
283 816 693
284 816 699
285 819 699
286 819 705
287 819 708
288 822 708
289 822 711
290 822 714
291 825 717
292 825 720
293 825 723
294 828 723
295 828 726
296 831 729
297 831 732
298 834 732
299 834 735
300 837 738
301 840 741
302 840 744
303 843 744
304 843 747
305 846 747
306 846 750
307 849 750
308 849 753
309 852 753
310 852 756
311 852 759
312 855 759
313 855 762
314 858 762
315 858 765
316 858 768
317 861 768
318 861 771
319 864 771
320 864 774
321 864 777
322 867 777
323 870 780
324 870 783
325 873 783
326 873 786
327 876 786
328 876 789
329 876 792
330 879 792
331 879 795
332 882 795
333 885 795
334 888 795
335 894 795
336 900 795
337 906 795
338 912 795
339 918 795
340 924 795
341 927 795
342 933 795
343 939 795
344 945 795
345 951 795
346 957 795
347 963 795
348 969 795
349 975 795
350 978 795
351 981 795
352 984 795
353 987 795
354 990 795
355 993 795
356 996 795
357 999 795
358 1002 795
359 1005 795
360 1008 795
361 1011 795
362 1014 795
363 1017 795
364 1020 795
365 1023 795
366 1026 795
367 1032 795
368 1035 795
369 1050 795
370 1056 795
371 1062 795
372 1068 795
373 1074 795
374 1080 795
375 1086 795
376 1089 795
377 1092 795
378 1095 795
379 1101 795
380 1104 795
381 1110 795
382 1113 795
383 1116 795
384 1119 795
385 1125 795
386 1128 795
387 1131 795
388 1137 795
389 1146 795
390 1158 798
391 1164 798
392 1176 801
393 1185 801
394 1191 804
395 1200 804
396 1209 807
397 1218 807
398 1224 810
399 1230 810
400 1233 810
401 1239 813
402 1242 813
403 1248 816
404 1251 816
405 1251 819
406 1254 819
407 1257 819
408 1263 822
409 1266 822
410 1269 825
411 1272 825
412 1278 828
413 1281 828
414 1284 828
415 1287 831
416 1290 831
417 1293 834
418 1296 834
419 1299 834
420 1299 837
421 1302 837
422 1305 837
423 1308 837
424 1308 840
425 1311 840
426 1314 840
427 1314 843
428 1317 843
429 1320 846
430 1323 846
431 1326 849
432 1329 852
433 1332 852
434 1335 855
435 1338 858
436 1341 858
437 1344 861
438 1347 861
439 1350 864
440 1350 867
441 1353 867
442 1356 870
443 1359 873
444 1362 873
445 1368 876
446 1368 879
447 1371 879
448 1374 882
449 1386 891
450 1392 891
451 1395 894
452 1398 894
453 1401 894
454 1401 897
455 1404 897
456 1404 900
457 1407 900
458 1407 903
459 1410 903
460 1410 906
461 1413 906
462 1416 909
463 1419 912
464 1422 915
465 1425 918
466 1428 921
467 1431 921
468 1431 924
469 1434 927
470 1437 927
471 1437 930
472 1440 933
473 1440 936
474 1443 936
475 1443 939
476 1446 939
477 1449 942
478 1449 945
479 1452 948
480 1455 948
481 1455 951
482 1458 951
483 1461 954
484 1464 960
485 1467 963
486 1470 966
487 1470 969
488 1473 969
489 1473 972
490 1476 975
491 1479 975
492 1479 978
493 1482 981
494 1485 984
495 1488 987
496 1491 990
497 1494 993
498 1497 996
499 1497 999
500 1500 999
501 1503 1002
502 1503 1005
503 1506 1008
504 1509 1008
505 1509 1011
506 1512 1011
507 1512 1014
508 1515 1017
509 1518 1020
510 1518 1023
511 1521 1023
512 1521 1026
513 1524 1029
514 1527 1032
515 1530 1035
516 1533 1038
517 1533 1041
518 1536 1041
519 1536 1044
520 1539 1047
521 1542 1047
522 1542 1053
523 1545 1053
524 1548 1059
525 1551 1062
526 1554 1065
527 1557 1068
528 1560 1071
529 1560 1074
530 1563 1077
531 1566 1077
532 1569 1080
533 1572 1083
534 1575 1086
535 1575 1089
536 1578 1089
537 1581 1092
538 1581 1095
539 1584 1098
540 1587 1098
541 1587 1104
542 1590 1107
543 1593 1110
544 1596 1113
545 1596 1116
546 1599 1119
547 1602 1122
548 1602 1125
549 1605 1125
550 1605 1128
551 1608 1128
552 1608 1131
553 1611 1131
554 1611 1134
555 1614 1137
556 1614 1140
557 1617 1143
558 1623 1149
559 1623 1152
560 1629 1158
561 1632 1164
562 1635 1164
563 1638 1167
564 1638 1170
565 1641 1173
566 1644 1176
567 1644 1179
568 1647 1182
569 1650 1185
570 1653 1188
571 1656 1191
572 1659 1194
573 1659 1197
574 1662 1197
575 1662 1200
576 1665 1200
577 1665 1203
578 1668 1203
579 1668 1206
580 1671 1209
581 1671 1212
582 1674 1212
583 1677 1215
584 1677 1218
585 1680 1221
586 1683 1224
587 1686 1227
588 1689 1230
589 1689 1233
590 1692 1233
591 1692 1236
592 1692 1239
593 1695 1242
594 1695 1245
595 1698 1245
596 1701 1251
597 1701 1254
598 1704 1257
599 1707 1260
600 1710 1266
601 1713 1269
602 1713 1272
603 1716 1275
604 1716 1278
605 1719 1281
606 1719 1284
607 1722 1284
608 1722 1287
609 1725 1290
610 1725 1293
611 1728 1296
612 1728 1299
613 1731 1302
614 1734 1305
615 1734 1311
616 1740 1320
617 1743 1326
618 1746 1332
619 1752 1338
620 1752 1341
621 1755 1347
622 1758 1350
623 1758 1353
624 1761 1353
625 1761 1356
626 1764 1359
627 1764 1362
628 1767 1362
629 1767 1365
630 1770 1365
631 1770 1368
632 1773 1368
633 1773 1371
634 1776 1371
635 1776 1374
636 1779 1374
637 1779 1377
638 1782 1377
639 1782 1380
640 1785 1380
641 1788 1383
642 1791 1383
643 1791 1386
644 1794 1386
645 1794 1389
646 1797 1389
647 1800 1392
648 1803 1392
649 1809 1398
650 1812 1404
651 1815 1404
652 1818 1407
653 1821 1407
654 1821 1410
655 1824 1410
656 1824 1413
657 1827 1413
658 1827 1416
659 1830 1416
660 1833 1419
661 1836 1422
662 1839 1422
663 1839 1425
664 1842 1425
665 1845 1425
666 1848 1428
667 1848 1431
668 1854 1431
669 1857 1434
670 1860 1437
671 1863 1437
672 1863 1440
673 1866 1440
674 1869 1440
675 1872 1443
676 1878 1446
677 1881 1449
678 1884 1449
679 1887 1452
680 1890 1452
681 1893 1452
682 1896 1452
683 1896 1455
684 1899 1455
685 1902 1455
686 1905 1455
687 1908 1455
688 1914 1455
689 1917 1458
690 1920 1458
691 1926 1458
692 1929 1458
693 1932 1458
694 1938 1458
695 1941 1461
696 1944 1461
697 1950 1461
698 1953 1461
699 1956 1461
700 1959 1461
701 1959 1464
702 1962 1464
703 1965 1464
704 1968 1464
705 1971 1464
706 1974 1464
707 1974 1467
708 1977 1467
709 1980 1467
710 1980 1470
711 1983 1470
712 1986 1470
713 1989 1470
714 1992 1473
715 1995 1473
716 1998 1476
717 2001 1476
718 2004 1479
719 2007 1479
720 2007 1482
721 2010 1482
722 2013 1485
723 2016 1485
724 2016 1488
725 2019 1488
726 2022 1491
727 2025 1491
728 2025 1494
729 2028 1494
730 2031 1497
731 2034 1500
732 2037 1503
733 2040 1503
734 2040 1506
735 2043 1506
736 2043 1509
737 2046 1509
738 2048 1512
739 2048 1515
740 2048 1518
741 2048 1521
742 2048 1524
