0 471 6
1 474 6
2 483 12
3 495 18
4 507 24
5 513 30
6 525 39
7 537 48
8 549 57
9 555 63
10 561 69
11 567 72
12 570 75
13 576 78
14 579 81
15 582 84
16 585 90
17 591 93
18 591 96
19 594 99
20 597 102
21 600 105
22 603 108
23 606 111
24 609 111
25 609 114
26 612 117
27 615 120
28 618 123
29 621 126
30 624 129
31 627 132
32 627 135
33 630 135
34 630 138
35 633 138
36 633 141
37 636 141
38 636 144
39 639 144
40 639 147
41 642 150
42 642 153
43 645 153
44 645 156
45 645 159
46 645 162
47 648 162
48 651 168
49 651 171
50 654 174
51 654 180
52 657 180
53 657 183
54 660 186
55 660 189
56 663 192
57 663 195
58 666 198
59 666 201
60 669 204
61 672 210
62 675 213
63 675 216
64 678 216
65 678 219
66 681 222
67 681 225
68 684 228
69 684 231
70 687 234
71 687 240
72 690 243
73 693 246
74 693 249
75 696 252
76 699 258
77 702 264
78 705 267
79 705 270
80 708 276
81 708 279
82 711 282
83 714 285
84 717 291
85 717 294
86 720 297
87 720 300
88 723 303
89 726 306
90 726 309
91 729 312
92 729 315
93 732 318
94 735 321
95 735 324
96 738 327
97 738 333
98 741 336
99 744 339
100 747 342
101 750 348
102 753 351
103 753 357
104 756 360
105 756 363
106 759 366
107 759 369
108 762 372
109 765 375
110 765 378
111 768 381
112 768 384
113 768 387
114 771 387
115 771 390
116 771 393
117 771 396
118 774 399
119 774 402
120 777 405
121 777 408
122 777 411
123 780 414
124 780 417
125 783 420
126 783 423
127 786 429
128 786 432
129 786 438
130 786 441
131 789 447
132 789 450
133 792 453
134 795 459
135 795 462
136 795 468
137 798 471
138 798 477
139 801 483
140 804 489
141 804 492
142 804 498
143 807 501
144 807 507
145 807 513
146 810 519
147 813 525
148 813 531
149 816 534
150 816 540
151 819 546
152 819 552
153 822 558
154 825 564
155 825 570
156 825 576
157 828 582
158 828 585
159 831 591
160 831 597
161 831 603
162 834 609
163 834 615
164 837 618
165 837 624
166 837 630
167 837 636
168 837 639
169 837 648
170 840 651
171 840 654
172 840 660
173 840 666
174 840 672
175 843 672
176 843 675
177 843 678
178 843 681
179 843 687
180 846 690
181 846 693
182 846 696
183 846 702
184 846 705
185 846 708
186 849 711
187 849 714
188 849 717
189 849 723
190 849 726
191 849 732
192 849 738
193 849 741
194 852 747
195 852 750
196 852 753
197 852 756
198 852 759
199 852 762
200 852 765
201 855 771
202 855 774
203 855 777
204 858 780
205 858 783
206 858 786
207 858 789
208 858 792
209 858 795
210 858 798
211 858 801
212 861 801
213 861 804
214 861 807
215 861 810
216 861 813
217 864 813
218 864 816
219 864 819
220 864 822
221 864 825
222 867 828
223 867 831
224 867 834
225 870 837
226 870 840
227 870 843
228 873 846
229 873 849
230 876 852
231 876 855
232 876 858
233 879 861
234 879 864
235 882 864
236 882 867
237 882 870
238 882 873
239 885 873
240 885 876
241 885 879
242 888 882
243 888 885
244 891 888
245 891 891
246 894 897
247 897 909
248 897 915
249 900 918
250 900 924
251 903 930
252 903 936
253 906 939
254 906 942
255 906 945
256 906 948
257 909 951
258 909 954
259 909 957
260 909 960
261 912 963
262 912 966
263 912 969
264 912 972
265 915 975
266 915 978
267 915 981
268 915 984
269 918 987
270 918 990
271 918 993
272 918 996
273 921 996
274 921 999
275 921 1002
276 921 1005
277 921 1008
278 924 1008
279 927 1008
280 930 1008
281 936 1008
282 942 1008
283 945 1008
284 948 1005
285 951 1005
286 954 1005
287 957 1005
288 960 1005
289 963 1005
290 963 1002
291 966 1002
292 969 1002
293 972 1002
294 975 1002
295 975 999
296 978 999
297 981 999
298 984 999
299 984 996
300 987 996
301 990 996
302 993 996
303 996 996
304 999 996
305 1002 996
306 1005 996
307 1008 996
308 1011 996
309 1014 996
310 1017 996
311 1020 996
312 1023 996
313 1023 999
314 1026 999
315 1029 1002
316 1032 1005
317 1032 1008
318 1035 1008
319 1038 1011
320 1041 1011
321 1041 1014
322 1041 1017
323 1044 1017
324 1044 1020
325 1047 1020
326 1047 1023
327 1047 1026
328 1050 1026
329 1050 1029
330 1050 1032
331 1053 1032
332 1053 1035
333 1053 1038
334 1056 1041
335 1056 1044
336 1056 1047
337 1059 1047
338 1059 1050
339 1059 1056
340 1059 1059
341 1062 1062
342 1062 1065
343 1062 1068
344 1062 1071
345 1065 1071
346 1065 1080
347 1065 1089
348 1068 1092
349 1068 1095
350 1068 1098
351 1068 1101
352 1068 1104
353 1068 1107
354 1068 1110
355 1068 1113
356 1071 1116
357 1071 1119
358 1071 1122
359 1071 1125
360 1071 1128
361 1071 1131
362 1074 1131
363 1074 1134
364 1074 1137
365 1074 1140
366 1074 1143
367 1077 1143
368 1077 1146
369 1077 1149
370 1077 1152
371 1077 1155
372 1077 1158
373 1077 1161
374 1077 1164
375 1077 1167
376 1077 1170
377 1077 1173
378 1080 1173
379 1080 1179
380 1080 1182
381 1080 1185
382 1080 1188
383 1080 1194
384 1080 1197
385 1083 1200
386 1083 1203
387 1083 1209
388 1083 1215
389 1083 1221
390 1083 1227
391 1083 1230
392 1083 1236
393 1083 1239
394 1083 1245
395 1083 1251
396 1083 1254
397 1083 1257
398 1083 1260
399 1083 1263
400 1083 1266
401 1083 1269
402 1083 1272
403 1083 1275
404 1083 1278
405 1083 1281
406 1086 1284
407 1086 1287
408 1089 1290
409 1095 1290
410 1098 1290
411 1104 1290
412 1107 1290
413 1113 1290
414 1119 1290
415 1125 1290
416 1128 1290
417 1134 1290
418 1140 1290
419 1146 1290
420 1152 1287
421 1158 1287
422 1164 1287
423 1167 1287
424 1170 1287
425 1173 1287
426 1176 1287
427 1179 1287
428 1182 1287
429 1185 1287
430 1188 1287
431 1191 1287
432 1194 1287
433 1197 1287
434 1200 1287
435 1203 1287
436 1206 1287
437 1209 1287
438 1212 1287
439 1215 1287
440 1218 1287
441 1221 1287
442 1224 1287
443 1227 1287
444 1230 1287
445 1233 1287
446 1236 1287
447 1239 1287
448 1242 1287
449 1245 1287
450 1251 1287
451 1254 1287
452 1260 1290
453 1263 1290
454 1269 1290
455 1275 1293
456 1281 1296
457 1290 1299
458 1296 1299
459 1302 1302
460 1305 1302
461 1311 1305
462 1314 1305
463 1317 1305
464 1320 1305
465 1323 1308
466 1326 1308
467 1329 1311
468 1332 1311
469 1335 1311
470 1341 1311
471 1344 1314
472 1347 1314
473 1350 1314
474 1353 1317
475 1356 1317
476 1359 1317
477 1362 1320
478 1365 1320
479 1368 1323
480 1371 1323
481 1371 1326
482 1374 1326
483 1377 1326
484 1380 1329
485 1383 1332
486 1386 1332
487 1386 1335
488 1389 1335
489 1389 1338
490 1392 1338
491 1395 1338
492 1395 1341
493 1398 1341
494 1398 1344
495 1401 1344
496 1404 1347
497 1407 1347
498 1407 1350
499 1410 1350
500 1410 1353
501 1413 1353
502 1416 1356
503 1419 1359
504 1419 1362
505 1422 1362
506 1425 1365
507 1428 1365
508 1428 1368
509 1431 1368
510 1434 1371
511 1437 1371
512 1437 1374
513 1440 1374
514 1443 1377
515 1446 1380
516 1449 1383
517 1452 1383
518 1455 1386
519 1458 1389
520 1461 1389
521 1461 1392
522 1464 1395
523 1467 1395
524 1467 1398
525 1470 1398
526 1473 1401
527 1476 1404
528 1485 1410
529 1488 1413
530 1488 1416
531 1491 1416
532 1491 1419
533 1494 1419
534 1494 1422
535 1497 1422
536 1500 1425
537 1500 1428
538 1503 1431
539 1506 1431
540 1506 1434
541 1509 1437
542 1509 1440
543 1512 1440
544 1515 1440
545 1515 1443
546 1518 1443
547 1518 1446
548 1521 1446
549 1524 1449
550 1527 1449
551 1530 1449
552 1530 1452
553 1533 1452
554 1536 1452
555 1536 1455
556 1539 1455
557 1542 1458
558 1545 1458
559 1545 1461
560 1548 1461
561 1551 1461
562 1551 1464
563 1554 1464
564 1554 1467
565 1557 1467
566 1557 1470
567 1560 1470
568 1563 1473
569 1566 1476
570 1569 1476
571 1569 1479
572 1572 1479
573 1572 1482
574 1575 1485
575 1575 1488
576 1578 1491
577 1581 1491
578 1581 1494
579 1581 1497
580 1584 1497
581 1587 1500
582 1587 1503
583 1590 1503
584 1590 1506
585 1593 1506
586 1593 1509
587 1593 1512
588 1596 1512
589 1599 1515
590 1599 1518
591 1599 1521
592 1602 1521
593 1602 1524
594 1605 1527
595 1605 1530
596 1608 1533
597 1608 1536
598 1611 1539
599 1611 1542
600 1614 1545
601 1614 1548
602 1617 1551
603 1617 1554
604 1620 1554
605 1620 1560
606 1623 1563
607 1623 1566
608 1626 1566
609 1626 1569
610 1626 1572
611 1629 1575
612 1632 1575
613 1632 1578
614 1635 1581
615 1638 1584
616 1638 1587
617 1641 1587
618 1641 1590
619 1644 1590
620 1644 1593
621 1647 1593
622 1647 1596
623 1650 1596
624 1653 1596
625 1653 1599
626 1656 1599
627 1659 1602
628 1662 1602
629 1662 1605
630 1665 1605
631 1668 1605
632 1668 1608
633 1671 1608
634 1680 1611
635 1683 1614
636 1686 1617
637 1689 1617
638 1692 1620
639 1695 1620
640 1698 1620
641 1698 1623
642 1701 1623
643 1704 1626
644 1707 1626
645 1710 1629
646 1710 1632
647 1713 1632
648 1713 1635
649 1716 1638
650 1719 1638
651 1719 1641
652 1722 1641
653 1722 1644
654 1725 1644
655 1725 1647
656 1725 1650
657 1728 1650
658 1728 1653
659 1731 1653
660 1731 1656
661 1731 1659
662 1734 1659
663 1734 1662
664 1734 1665
665 1737 1665
666 1737 1668
667 1740 1668
668 1740 1671
669 1740 1674
670 1743 1674
671 1746 1680
672 1752 1689
673 1752 1692
674 1755 1695
675 1758 1698
676 1764 1704
677 1767 1707
678 1770 1710
679 1770 1713
680 1773 1716
681 1776 1716
682 1776 1719
683 1779 1719
684 1779 1722
685 1782 1722
686 1782 1725
687 1785 1725
688 1785 1728
689 1788 1731
690 1791 1734
691 1791 1737
692 1794 1740
693 1797 1740
694 1800 1743
695 1803 1746
696 1806 1749
697 1809 1752
698 1812 1755
699 1815 1758
700 1818 1761
701 1821 1764
702 1824 1767
703 1824 1770
704 1827 1770
705 1827 1773
706 1830 1773
707 1830 1776
708 1833 1776
709 1833 1779
710 1833 1782
711 1836 1782
712 1836 1785
713 1839 1788
714 1839 1791
715 1842 1794
716 1842 1797
717 1845 1800
718 1848 1803
719 1848 1809
720 1854 1815
721 1854 1818
722 1857 1821
723 1860 1827
724 1863 1830
725 1866 1836
726 1869 1842
727 1869 1845
728 1869 1848
729 1872 1848
730 1875 1854
731 1875 1857
732 1878 1860
733 1878 1863
734 1878 1866
735 1881 1866
736 1881 1869
737 1884 1872
738 1884 1875
739 1887 1878
740 1887 1881
741 1890 1884
742 1890 1887
743 1893 1893
744 1896 1899
745 1896 1902
746 1899 1908
747 1902 1914
748 1902 1917
749 1905 1923
750 1908 1926
751 1908 1929
752 1911 1932
753 1911 1935
754 1914 1938
755 1914 1941
756 1914 1944
757 1917 1944
758 1917 1947
759 1917 1950
760 1920 1953
761 1923 1953
762 1926 1959
763 1929 1962
764 1932 1962
765 1935 1965
766 1938 1968
767 1941 1968
768 1944 1971
769 1950 1974
770 1953 1974
771 1962 1977
772 1965 1980
773 1971 1983
774 1980 1986
775 1986 1986
776 1992 1989
777 2001 1992
778 2004 1992
779 2010 1995
780 2016 1998
781 2022 1998
782 2031 2004
783 2034 2004
784 2037 2007
785 2040 2010
786 2040 2013
787 2043 2013
788 2043 2016
789 2043 2019
790 2046 2022
791 2048 2025
792 2048 2028
793 2048 2031
