0 525 9
1 528 9
2 531 9
3 534 9
4 543 12
5 549 15
6 552 18
7 558 21
8 564 24
9 567 27
10 570 30
11 573 33
12 576 33
13 576 36
14 579 39
15 582 39
16 582 42
17 585 42
18 588 45
19 591 45
20 591 48
21 594 48
22 594 51
23 597 51
24 597 54
25 600 54
26 600 57
27 603 57
28 603 60
29 606 60
30 606 63
31 609 63
32 609 66
33 612 66
34 615 69
35 618 72
36 621 72
37 621 75
38 624 75
39 624 78
40 627 81
41 627 84
42 630 84
43 630 87
44 633 87
45 633 90
46 636 93
47 639 93
48 639 96
49 642 99
50 642 102
51 645 105
52 648 108
53 651 111
54 654 114
55 654 117
56 657 123
57 660 123
58 663 126
59 666 132
60 669 135
61 669 138
62 672 141
63 675 144
64 678 147
65 681 150
66 684 156
67 684 159
68 690 162
69 690 165
70 693 168
71 696 174
72 699 177
73 702 180
74 705 183
75 708 186
76 708 192
77 711 195
78 714 198
79 717 201
80 720 204
81 720 207
82 723 210
83 726 213
84 729 216
85 732 219
86 732 222
87 735 222
88 735 225
89 738 228
90 741 231
91 741 234
92 744 237
93 744 240
94 747 243
95 750 243
96 750 246
97 753 249
98 756 252
99 756 255
100 759 255
101 759 258
102 762 261
103 762 264
104 765 264
105 765 267
106 768 270
107 771 273
108 771 276
109 774 276
110 774 279
111 777 279
112 777 282
113 780 285
114 780 288
115 783 288
116 783 291
117 786 297
118 789 297
119 792 306
120 795 315
121 798 321
122 801 324
123 801 327
124 804 327
125 804 330
126 807 333
127 807 336
128 810 339
129 810 342
130 813 342
131 813 345
132 813 351
133 816 351
134 816 354
135 816 357
136 816 360
137 816 363
138 816 366
139 819 366
140 819 369
141 819 372
142 819 375
143 819 378
144 819 381
145 819 384
146 822 384
147 822 387
148 822 390
149 822 393
150 822 396
151 825 396
152 825 399
153 825 402
154 825 405
155 825 408
156 828 411
157 828 414
158 831 420
159 831 423
160 834 426
161 834 429
162 834 435
163 837 438
164 837 441
165 840 444
166 840 447
167 840 453
168 843 453
169 843 456
170 843 459
171 846 462
172 846 465
173 846 468
174 849 471
175 849 474
176 852 477
177 852 480
178 852 486
179 855 489
180 855 492
181 855 495
182 858 498
183 858 501
184 858 504
185 858 510
186 858 513
187 861 513
188 861 516
189 861 519
190 861 522
191 861 525
192 861 528
193 861 531
194 861 534
195 861 537
196 864 540
197 864 543
198 864 549
199 864 552
200 864 555
201 867 558
202 867 561
203 867 564
204 867 567
205 867 570
206 867 573
207 867 576
208 867 579
209 867 585
210 867 588
211 867 591
212 867 597
213 867 600
214 867 606
215 867 609
216 867 615
217 867 618
218 867 624
219 867 627
220 867 633
221 867 639
222 867 642
223 870 645
224 870 648
225 870 651
226 870 657
227 870 660
228 870 666
229 870 669
230 870 672
231 870 675
232 873 678
233 873 681
234 873 684
235 873 687
236 873 690
237 873 693
238 873 696
239 873 699
240 873 702
241 873 705
242 876 708
243 876 711
244 876 714
245 876 717
246 876 723
247 876 726
248 876 732
249 876 735
250 876 738
251 876 744
252 879 747
253 879 750
254 879 753
255 879 759
256 879 762
257 879 765
258 879 768
259 879 771
260 879 774
261 882 774
262 882 777
263 882 780
264 882 783
265 882 786
266 882 789
267 882 792
268 882 795
269 882 798
270 885 798
271 885 801
272 885 804
273 885 807
274 885 810
275 885 813
276 885 816
277 885 819
278 885 822
279 888 822
280 888 825
281 888 828
282 888 831
283 891 831
284 891 834
285 894 834
286 894 837
287 897 837
288 897 840
289 900 840
290 900 843
291 903 846
292 903 849
293 906 849
294 906 852
295 909 852
296 909 855
297 912 855
298 912 858
299 915 858
300 915 861
301 918 861
302 918 864
303 921 864
304 921 867
305 924 867
306 924 870
307 927 870
308 930 873
309 933 876
310 936 876
311 936 879
312 939 882
313 942 882
314 942 885
315 945 885
316 948 888
317 951 888
318 951 891
319 954 891
320 954 894
321 957 894
322 960 894
323 960 897
324 963 897
325 963 900
326 966 900
327 969 900
328 969 903
329 972 903
330 975 903
331 975 906
332 978 906
333 981 906
334 981 909
335 984 909
336 987 909
337 987 912
338 990 912
339 993 912
340 996 915
341 999 915
342 1002 918
343 1005 918
344 1005 921
345 1008 921
346 1008 924
347 1011 924
348 1011 927
349 1014 927
350 1014 930
351 1017 930
352 1017 933
353 1020 933
354 1020 936
355 1023 936
356 1023 939
357 1023 942
358 1026 942
359 1026 945
360 1026 948
361 1029 948
362 1029 951
363 1029 954
364 1032 954
365 1032 957
366 1032 960
367 1035 960
368 1035 963
369 1035 966
370 1038 966
371 1038 969
372 1038 972
373 1041 972
374 1041 975
375 1044 978
376 1044 981
377 1047 981
378 1047 984
379 1047 987
380 1050 987
381 1050 990
382 1050 993
383 1053 993
384 1053 996
385 1053 999
386 1056 999
387 1056 1002
388 1059 1005
389 1059 1008
390 1059 1011
391 1062 1011
392 1062 1014
393 1065 1014
394 1065 1017
395 1065 1020
396 1068 1020
397 1068 1023
398 1068 1026
399 1071 1026
400 1071 1029
401 1071 1032
402 1074 1032
403 1074 1035
404 1077 1035
405 1077 1038
406 1077 1041
407 1080 1041
408 1080 1047
409 1083 1053
410 1086 1056
411 1086 1059
412 1086 1062
413 1089 1062
414 1089 1065
415 1089 1068
416 1089 1071
417 1092 1071
418 1092 1074
419 1092 1077
420 1092 1080
421 1095 1080
422 1095 1083
423 1095 1086
424 1095 1089
425 1095 1092
426 1098 1092
427 1098 1095
428 1098 1098
429 1098 1101
430 1098 1104
431 1098 1107
432 1098 1110
433 1101 1110
434 1101 1113
435 1101 1119
436 1101 1122
437 1104 1125
438 1104 1128
439 1104 1131
440 1104 1134
441 1104 1137
442 1104 1140
443 1104 1143
444 1104 1146
445 1104 1149
446 1104 1152
447 1104 1155
448 1104 1158
449 1104 1161
450 1104 1164
451 1104 1167
452 1104 1170
453 1104 1173
454 1104 1176
455 1104 1179
456 1104 1182
457 1104 1185
458 1104 1188
459 1107 1188
460 1107 1191
461 1107 1194
462 1107 1197
463 1107 1200
464 1110 1200
465 1110 1203
466 1110 1206
467 1113 1206
468 1113 1209
469 1113 1212
470 1116 1212
471 1116 1215
472 1119 1215
473 1122 1218
474 1125 1218
475 1125 1221
476 1128 1221
477 1131 1224
478 1134 1224
479 1137 1224
480 1143 1224
481 1146 1227
482 1149 1227
483 1152 1227
484 1155 1227
485 1158 1227
486 1161 1227
487 1164 1227
488 1170 1227
489 1173 1230
490 1176 1230
491 1182 1230
492 1185 1230
493 1191 1230
494 1194 1233
495 1200 1233
496 1203 1233
497 1206 1233
498 1209 1236
499 1212 1236
500 1215 1236
501 1218 1236
502 1221 1236
503 1224 1236
504 1227 1236
505 1230 1236
506 1233 1236
507 1236 1236
508 1239 1236
509 1242 1236
510 1242 1239
511 1245 1239
512 1248 1239
513 1251 1239
514 1254 1239
515 1260 1242
516 1269 1242
517 1275 1245
518 1278 1248
519 1284 1248
520 1290 1251
521 1293 1254
522 1299 1254
523 1302 1257
524 1305 1260
525 1311 1260
526 1311 1263
527 1314 1263
528 1317 1263
529 1323 1266
530 1326 1266
531 1329 1269
532 1332 1269
533 1335 1269
534 1338 1272
535 1341 1272
536 1344 1272
537 1344 1275
538 1347 1275
539 1350 1275
540 1350 1278
541 1353 1278
542 1356 1278
543 1356 1281
544 1359 1281
545 1362 1284
546 1365 1284
547 1368 1287
548 1371 1287
549 1374 1290
550 1377 1290
551 1377 1293
552 1383 1293
553 1383 1296
554 1386 1296
555 1392 1299
556 1395 1299
557 1398 1299
558 1401 1302
559 1404 1302
560 1407 1305
561 1410 1305
562 1413 1308
563 1416 1308
564 1419 1308
565 1425 1311
566 1428 1311
567 1431 1314
568 1434 1314
569 1437 1317
570 1443 1320
571 1446 1320
572 1452 1323
573 1467 1329
574 1476 1332
575 1482 1335
576 1485 1335
577 1488 1338
578 1491 1338
579 1494 1338
580 1494 1341
581 1497 1341
582 1500 1341
583 1503 1341
584 1506 1344
585 1509 1344
586 1512 1347
587 1515 1347
588 1518 1350
589 1521 1350
590 1524 1353
591 1527 1353
592 1527 1356
593 1530 1356
594 1533 1356
595 1536 1359
596 1539 1359
597 1539 1362
598 1542 1362
599 1545 1365
600 1548 1365
601 1548 1368
602 1551 1368
603 1551 1371
604 1554 1374
605 1554 1377
606 1557 1377
607 1557 1380
608 1560 1380
609 1560 1383
610 1560 1386
611 1563 1386
612 1563 1389
613 1566 1389
614 1566 1392
615 1569 1392
616 1569 1395
617 1572 1395
618 1572 1398
619 1575 1398
620 1575 1401
621 1578 1401
622 1578 1404
623 1578 1407
624 1581 1407
625 1581 1410
626 1584 1410
627 1587 1416
628 1593 1419
629 1593 1422
630 1596 1422
631 1596 1425
632 1596 1428
633 1599 1428
634 1599 1431
635 1599 1434
636 1602 1434
637 1602 1437
638 1605 1437
639 1608 1440
640 1611 1446
641 1614 1449
642 1614 1452
643 1620 1455
644 1620 1458
645 1623 1461
646 1626 1464
647 1629 1467
648 1632 1470
649 1632 1473
650 1635 1473
651 1635 1476
652 1638 1479
653 1638 1482
654 1641 1485
655 1641 1488
656 1644 1491
657 1644 1494
658 1644 1497
659 1647 1497
660 1647 1500
661 1650 1503
662 1650 1506
663 1653 1509
664 1653 1512
665 1656 1512
666 1656 1515
667 1665 1524
668 1665 1527
669 1668 1530
670 1671 1533
671 1674 1536
672 1674 1539
673 1677 1539
674 1677 1542
675 1680 1545
676 1683 1548
677 1686 1551
678 1689 1551
679 1692 1557
680 1695 1560
681 1698 1560
682 1704 1563
683 1710 1566
684 1710 1569
685 1713 1569
686 1716 1572
687 1719 1572
688 1722 1575
689 1725 1578
690 1728 1578
691 1728 1581
692 1734 1584
693 1737 1584
694 1740 1587
695 1743 1590
696 1746 1590
697 1746 1593
698 1749 1593
699 1749 1596
700 1752 1596
701 1752 1599
702 1755 1599
703 1755 1602
704 1758 1602
705 1761 1602
706 1761 1605
707 1764 1605
708 1764 1608
709 1767 1608
710 1767 1611
711 1770 1611
712 1773 1617
713 1776 1617
714 1776 1620
715 1779 1623
716 1782 1626
717 1785 1629
718 1785 1632
719 1788 1635
720 1791 1635
721 1794 1638
722 1797 1641
723 1800 1644
724 1800 1647
725 1803 1647
726 1806 1650
727 1809 1653
728 1812 1656
729 1812 1659
730 1815 1659
731 1821 1668
732 1821 1671
733 1827 1674
734 1827 1677
735 1830 1677
736 1833 1680
737 1836 1683
738 1839 1686
739 1839 1689
740 1842 1689
741 1842 1692
742 1845 1695
743 1848 1698
744 1851 1701
745 1854 1704
746 1857 1707
747 1860 1707
748 1860 1710
749 1863 1713
750 1866 1713
751 1866 1716
752 1869 1716
753 1869 1719
754 1872 1722
755 1875 1725
756 1875 1728
757 1878 1728
758 1878 1731
759 1881 1734
760 1881 1737
761 1884 1737
762 1884 1740
763 1887 1740
764 1887 1743
765 1890 1743
766 1890 1746
767 1893 1746
768 1893 1749
769 1896 1749
770 1896 1752
771 1899 1755
772 1899 1758
773 1902 1758
774 1902 1761
775 1905 1761
776 1905 1764
777 1908 1764
778 1911 1767
779 1911 1770
780 1914 1770
781 1914 1773
782 1914 1776
783 1917 1776
784 1917 1779
785 1920 1779
786 1920 1782
787 1923 1782
788 1923 1785
789 1923 1788
790 1923 1791
791 1923 1794
792 1926 1794
793 1929 1794
794 1929 1797
795 1932 1797
796 1935 1797
797 1938 1797
798 1941 1797
799 1941 1800
800 1938 1803
801 1938 1806
802 1935 1806
803 1935 1809
804 1932 1809
805 1929 1812
806 1929 1815
807 1926 1815
808 1923 1818
809 1920 1818
810 1917 1818
811 1917 1821
812 1914 1821
813 1911 1821
814 1911 1824
815 1908 1824
816 1905 1824
817 1902 1824
818 1902 1827
819 1899 1827
820 1896 1827
821 1893 1830
822 1890 1830
823 1890 1833
824 1887 1833
825 1884 1836
826 1881 1836
827 1881 1839
828 1878 1839
829 1878 1842
830 1875 1845
831 1872 1848
832 1872 1851
833 1869 1851
834 1869 1854
835 1869 1857
836 1866 1857
837 1866 1860
838 1866 1863
839 1869 1866
840 1869 1869
841 1869 1872
842 1869 1878
843 1869 1881
844 1869 1884
845 1869 1887
846 1869 1890
847 1869 1893
848 1869 1896
849 1869 1899
850 1869 1902
851 1869 1905
852 1869 1908
853 1872 1908
854 1872 1911
855 1872 1914
856 1872 1917
857 1872 1920
858 1872 1923
859 1872 1926
860 1872 1929
861 1872 1932
862 1872 1938
863 1875 1941
864 1875 1944
865 1878 1944
866 1881 1944
867 1884 1944
868 1887 1944
869 1890 1944
870 1893 1944
871 1896 1941
872 1899 1938
873 1905 1932
874 1908 1923
875 1914 1917
876 1914 1914
877 1920 1908
878 1923 1902
879 1926 1896
880 1929 1890
881 1932 1887
882 1935 1878
883 1935 1875
884 1938 1866
885 1938 1860
886 1941 1854
887 1941 1851
888 1944 1845
889 1944 1842
890 1944 1839
891 1947 1839
892 1947 1836
893 1947 1833
894 1950 1833
895 1953 1830
896 1956 1830
897 1959 1830
898 1962 1830
899 1965 1830
900 1971 1830
901 1977 1830
902 1980 1830
903 1986 1830
904 1989 1830
905 1992 1830
906 1995 1833
907 1998 1833
908 1998 1836
909 2001 1836
910 2001 1839
911 2004 1839
912 2004 1842
913 2007 1845
914 2007 1851
915 2007 1854
916 2010 1857
917 2010 1860
918 2013 1863
919 2013 1869
920 2013 1872
921 2016 1875
922 2016 1881
923 2016 1884
924 2019 1887
925 2019 1890
926 2019 1893
927 2022 1899
928 2022 1902
929 2025 1905
930 2025 1908
931 2028 1908
932 2028 1911
933 2031 1914
934 2034 1917
935 2037 1920
936 2037 1923
937 2040 1926
938 2043 1929
939 2046 1929
940 2048 1929
