0 129 24
1 129 27
2 129 30
3 126 30
4 126 33
5 126 36
6 126 39
7 123 39
8 123 42
9 123 45
10 123 48
11 123 51
12 123 54
13 123 57
14 120 57
15 120 60
16 120 63
17 120 66
18 117 69
19 117 72
20 114 75
21 114 78
22 111 78
23 111 81
24 108 81
25 108 84
26 105 84
27 105 87
28 105 90
29 102 90
30 102 93
31 102 96
32 102 99
33 102 102
34 105 105
35 108 108
36 111 111
37 114 114
38 117 114
39 120 117
40 123 117
41 126 117
42 126 120
43 129 120
44 132 120
45 135 120
46 138 120
47 141 120
48 144 120
49 147 120
50 150 123
51 153 123
52 156 123
53 159 126
54 162 126
55 165 129
56 168 129
57 168 132
58 171 132
59 174 135
60 177 135
61 177 138
62 180 138
63 183 141
64 186 141
65 186 144
66 189 144
67 189 147
68 192 147
69 195 147
70 195 150
71 198 150
72 198 153
73 201 153
74 204 156
75 207 156
76 207 159
77 210 162
78 213 168
79 213 171
80 216 171
81 216 174
82 216 177
83 219 177
84 219 180
85 219 183
86 222 183
87 222 186
88 225 186
89 225 189
90 225 192
91 228 192
92 228 195
93 228 198
94 231 198
95 231 201
96 234 204
97 234 207
98 237 207
99 237 210
100 240 210
101 243 210
102 243 213
103 246 213
104 246 216
105 249 216
106 249 219
107 252 219
108 252 222
109 255 222
110 255 225
111 258 225
112 258 228
113 261 228
114 261 231
115 264 231
116 264 234
117 267 237
118 267 240
119 267 243
120 270 243
121 270 246
122 270 249
123 270 252
124 270 255
125 270 258
126 270 261
127 270 264
128 270 267
129 270 270
130 270 273
131 267 273
132 267 276
133 267 279
134 267 282
135 267 285
136 264 285
137 264 288
138 264 291
139 264 294
140 264 297
141 264 300
142 264 303
143 264 306
144 264 309
145 264 312
146 264 315
147 264 318
148 264 321
149 264 324
150 264 327
151 264 330
152 264 333
153 264 336
154 264 339
155 264 342
156 264 345
157 264 348
158 264 351
159 264 354
160 264 357
161 264 360
162 267 372
163 267 381
164 267 384
165 267 387
166 267 390
167 267 396
168 267 402
169 267 405
170 267 408
171 267 414
172 267 417
173 267 420
174 267 423
175 267 426
176 267 429
177 267 432
178 267 435
179 267 438
180 267 441
181 267 444
182 267 447
183 267 450
184 267 453
185 267 456
186 270 456
187 270 459
188 270 462
189 270 465
190 270 468
191 270 471
192 270 474
193 273 477
194 273 480
195 273 483
196 276 483
197 276 486
198 276 489
199 279 492
200 279 495
201 282 498
202 285 507
203 288 510
204 288 513
205 291 516
206 291 519
207 294 522
208 297 525
209 297 528
210 300 531
211 300 534
212 303 534
213 303 537
214 306 540
215 306 543
216 309 543
217 309 546
218 312 546
219 312 549
220 315 549
221 315 552
222 318 552
223 318 555
224 321 555
225 321 558
226 324 558
227 324 561
228 327 561
229 327 564
230 330 564
231 330 567
232 333 567
233 333 570
234 336 570
235 336 573
236 339 573
237 339 576
238 342 576
239 342 579
240 345 582
241 348 582
242 348 585
243 351 585
244 351 588
245 354 588
246 357 591
247 360 594
248 363 594
249 363 597
250 366 597
251 366 600
252 369 600
253 372 603
254 375 606
255 378 606
256 378 609
257 381 609
258 384 612
259 387 615
260 390 615
261 390 618
262 393 618
263 396 621
264 399 624
265 402 624
266 402 627
267 408 630
268 411 633
269 414 633
270 414 636
271 417 639
272 420 639
273 423 642
274 423 645
275 426 645
276 429 648
277 432 648
278 432 651
279 435 654
280 438 654
281 438 657
282 441 657
283 444 660
284 447 660
285 447 663
286 450 663
287 453 666
288 456 666
289 459 669
290 462 669
291 462 672
292 465 672
293 468 672
294 468 675
295 471 675
296 474 675
297 477 678
298 480 678
299 483 678
300 483 681
301 486 681
302 489 681
303 492 681
304 495 681
305 498 681
306 501 681
307 504 681
308 507 681
309 510 681
310 513 681
311 516 681
312 519 681
313 522 681
314 525 681
315 528 678
316 531 678
317 534 678
318 537 678
319 540 678
320 546 678
321 552 678
322 558 678
323 561 678
324 564 678
325 567 678
326 570 678
327 576 678
328 579 681
329 585 681
330 588 681
331 591 681
332 594 681
333 597 684
334 600 684
335 603 684
336 606 684
337 609 684
338 609 687
339 612 687
340 612 690
341 615 690
342 618 693
343 621 693
344 621 696
345 624 699
346 627 702
347 627 705
348 630 705
349 630 708
350 633 708
351 633 711
352 633 714
353 636 714
354 639 717
355 642 717
356 645 717
357 648 717
358 651 717
359 654 720
360 657 720
361 660 720
362 663 720
363 666 720
364 672 720
365 678 720
366 681 720
367 684 720
368 687 720
369 690 720
370 693 720
371 696 720
372 699 720
373 702 720
374 705 720
375 708 720
376 711 720
377 714 720
378 717 720
379 720 720
380 723 720
381 726 720
382 729 720
383 732 720
384 735 720
385 738 720
386 741 720
387 744 720
388 747 720
389 750 720
390 753 723
391 756 723
392 759 723
393 762 723
394 765 723
395 768 723
396 768 726
397 771 726
398 774 726
399 777 726
400 777 729
401 780 729
402 780 732
403 783 732
404 786 732
405 786 735
406 789 735
407 789 738
408 789 741
409 792 741
410 792 744
411 792 747
412 792 750
413 792 753
414 792 756
415 792 759
416 792 762
417 792 765
418 792 768
419 792 771
420 792 774
421 792 777
422 792 780
423 792 783
424 795 786
425 795 789
426 795 792
427 795 795
428 795 798
429 798 801
430 798 804
431 798 807
432 801 807
433 801 810
434 801 813
435 804 816
436 804 819
437 804 822
438 807 822
439 807 825
440 807 828
441 810 828
442 810 831
443 810 834
444 813 834
445 813 837
446 816 837
447 816 840
448 816 843
449 816 846
450 819 846
451 819 849
452 819 852
453 819 855
454 819 858
455 819 861
456 819 864
457 819 867
458 819 870
459 819 873
460 819 876
461 819 879
462 819 882
463 819 885
464 819 888
465 816 888
466 816 891
467 816 894
468 816 897
469 816 900
470 816 903
471 816 906
472 816 909
473 816 912
474 819 912
475 819 915
476 819 918
477 822 918
478 822 921
479 822 924
480 825 924
481 825 927
482 828 930
483 828 933
484 828 936
485 831 939
486 831 942
487 831 945
488 834 948
489 834 951
490 837 951
491 837 954
492 837 957
493 840 957
494 840 960
495 843 963
496 843 966
497 846 966
498 846 969
499 846 972
500 849 972
501 849 975
502 849 978
503 852 981
504 852 984
505 852 987
506 852 990
507 852 993
508 852 996
509 852 999
510 855 999
511 855 1002
512 855 1005
513 855 1008
514 855 1011
515 858 1014
516 858 1017
517 861 1017
518 861 1020
519 861 1023
520 861 1026
521 864 1029
522 864 1032
523 864 1035
524 867 1035
525 867 1038
526 867 1041
527 870 1041
528 870 1044
529 870 1047
530 873 1047
531 873 1050
532 876 1050
533 876 1053
534 876 1056
535 879 1056
536 879 1059
537 882 1059
538 888 1068
539 891 1071
540 894 1074
541 894 1077
542 897 1077
543 900 1080
544 900 1083
545 903 1083
546 903 1086
547 906 1086
548 909 1089
549 909 1092
550 912 1092
551 912 1095
552 915 1095
553 918 1098
554 921 1101
555 921 1104
556 924 1104
557 924 1107
558 927 1107
559 927 1110
560 927 1113
561 930 1113
562 930 1116
563 930 1119
564 933 1119
565 933 1122
566 933 1125
567 933 1128
568 936 1128
569 936 1131
570 936 1134
571 936 1137
572 936 1140
573 939 1140
574 939 1143
575 939 1146
576 939 1149
577 942 1149
578 942 1152
579 942 1155
580 942 1158
581 942 1161
582 945 1161
583 945 1164
584 945 1167
585 945 1170
586 945 1173
587 948 1176
588 951 1182
589 951 1185
590 951 1188
591 954 1188
592 954 1191
593 954 1194
594 957 1197
595 957 1200
596 960 1203
597 960 1206
598 963 1206
599 963 1209
600 963 1212
601 963 1215
602 966 1215
603 966 1218
604 969 1230
605 969 1233
606 972 1236
607 972 1239
608 972 1242
609 972 1248
610 975 1251
611 975 1254
612 978 1254
613 978 1257
614 978 1260
615 978 1263
616 981 1263
617 981 1266
618 981 1269
619 984 1272
620 984 1275
621 987 1278
622 987 1281
623 990 1284
624 990 1287
625 990 1290
626 993 1293
627 993 1296
628 993 1299
629 996 1299
630 996 1302
631 996 1305
632 996 1308
633 999 1308
634 999 1311
635 999 1314
636 1002 1314
637 1002 1317
638 1002 1320
639 1008 1332
640 1011 1338
641 1011 1341
642 1014 1344
643 1017 1350
644 1017 1353
645 1020 1356
646 1020 1359
647 1023 1359
648 1023 1362
649 1026 1365
650 1029 1365
651 1029 1368
652 1032 1368
653 1032 1371
654 1035 1371
655 1038 1371
656 1038 1374
657 1041 1374
658 1044 1374
659 1044 1377
660 1047 1377
661 1050 1377
662 1050 1380
663 1053 1380
664 1053 1383
665 1056 1383
666 1056 1386
667 1059 1386
668 1059 1389
669 1059 1392
670 1059 1395
671 1059 1398
672 1059 1401
673 1059 1404
674 1059 1407
675 1059 1410
676 1059 1413
677 1059 1416
678 1059 1422
679 1059 1425
680 1059 1428
681 1059 1431
682 1059 1434
683 1059 1437
684 1059 1440
685 1059 1443
686 1059 1446
687 1059 1449
688 1059 1452
689 1059 1455
690 1062 1458
691 1062 1461
692 1062 1464
693 1062 1467
694 1062 1470
695 1065 1470
696 1065 1473
697 1065 1476
698 1068 1479
699 1071 1479
700 1074 1485
701 1077 1485
702 1080 1488
703 1083 1488
704 1086 1488
705 1089 1488
706 1092 1488
707 1095 1488
708 1098 1488
709 1101 1488
710 1104 1488
711 1107 1488
712 1110 1488
713 1113 1488
714 1113 1491
715 1116 1494
716 1116 1497
717 1119 1497
718 1119 1500
719 1119 1506
720 1122 1509
721 1122 1512
722 1125 1515
723 1125 1518
724 1125 1521
725 1125 1524
726 1125 1527
727 1125 1530
728 1125 1533
729 1128 1533
730 1128 1536
731 1128 1539
732 1131 1551
733 1131 1557
734 1131 1560
735 1134 1563
736 1134 1569
737 1137 1572
738 1137 1575
739 1140 1581
740 1140 1587
741 1143 1587
742 1146 1593
743 1149 1596
744 1149 1599
745 1149 1602
746 1152 1605
747 1152 1608
748 1152 1611
749 1155 1611
750 1155 1614
751 1155 1617
752 1158 1620
753 1158 1623
754 1161 1626
755 1161 1629
756 1164 1635
757 1167 1638
758 1167 1641
759 1170 1647
760 1173 1650
761 1173 1656
762 1173 1659
763 1176 1662
764 1176 1665
765 1179 1671
766 1179 1674
767 1182 1677
768 1182 1680
769 1182 1683
770 1185 1683
771 1185 1686
772 1185 1689
773 1185 1692
774 1185 1695
775 1188 1695
776 1188 1698
777 1188 1701
778 1191 1701
779 1191 1704
780 1194 1704
781 1194 1707
782 1197 1707
783 1197 1710
784 1197 1713
785 1200 1713
786 1200 1716
787 1200 1719
788 1200 1722
789 1203 1725
790 1203 1728
791 1203 1731
792 1203 1734
793 1203 1737
794 1203 1740
795 1203 1743
796 1203 1746
797 1203 1749
798 1203 1752
799 1206 1752
800 1206 1755
801 1206 1758
802 1206 1764
803 1206 1767
804 1206 1770
805 1206 1773
806 1209 1773
807 1209 1776
808 1209 1779
809 1209 1782
810 1209 1785
811 1209 1788
812 1212 1791
813 1212 1794
814 1212 1797
815 1215 1797
816 1215 1800
817 1218 1800
818 1218 1803
819 1221 1803
820 1221 1806
821 1224 1806
822 1227 1806
823 1227 1809
824 1230 1809
825 1230 1812
826 1233 1812
827 1233 1815
828 1236 1815
829 1239 1818
830 1242 1818
831 1242 1821
832 1245 1821
833 1248 1821
834 1248 1824
835 1251 1824
836 1254 1827
837 1257 1827
838 1260 1830
839 1263 1833
840 1266 1833
841 1266 1836
842 1269 1836
843 1269 1839
844 1272 1839
845 1275 1842
846 1278 1842
847 1281 1842
848 1284 1842
849 1287 1845
850 1299 1845
851 1305 1845
852 1308 1845
853 1311 1845
854 1314 1845
855 1317 1845
856 1317 1848
857 1320 1848
858 1326 1848
859 1329 1848
860 1332 1848
861 1335 1848
862 1338 1848
863 1341 1851
864 1344 1851
865 1347 1851
866 1350 1851
867 1350 1854
868 1350 1857
869 1350 1860
870 1350 1863
871 1347 1866
872 1344 1869
873 1344 1872
874 1341 1875
875 1338 1878
876 1338 1881
877 1335 1881
878 1335 1884
879 1335 1887
880 1332 1887
881 1332 1890
882 1332 1893
883 1329 1893
884 1329 1896
885 1326 1896
886 1326 1899
887 1326 1902
888 1326 1905
889 1323 1905
890 1323 1908
891 1323 1911
892 1323 1914
893 1323 1917
894 1323 1920
895 1323 1923
896 1323 1926
897 1326 1926
898 1326 1929
899 1329 1929
900 1329 1932
901 1332 1932
902 1332 1935
903 1335 1938
904 1338 1941
905 1338 1944
906 1341 1944
907 1341 1947
908 1344 1947
909 1347 1950
910 1350 1950
911 1353 1950
912 1353 1953
913 1356 1953
914 1359 1953
915 1362 1953
916 1365 1953
917 1368 1956
918 1371 1956
919 1374 1956
920 1386 1956
921 1392 1956
922 1398 1956
923 1401 1956
924 1404 1956
925 1407 1956
926 1410 1956
927 1413 1953
928 1416 1953
929 1416 1950
930 1419 1950
931 1422 1947
932 1422 1944
933 1425 1944
934 1425 1941
935 1428 1941
936 1431 1938
937 1431 1935
938 1434 1935
939 1434 1932
940 1437 1932
941 1437 1929
942 1440 1929
943 1443 1929
944 1446 1926
945 1449 1926
946 1452 1926
947 1458 1926
948 1461 1926
949 1464 1929
950 1467 1929
951 1470 1932
952 1473 1932
953 1473 1935
954 1476 1935
955 1479 1938
956 1482 1938
957 1482 1941
958 1485 1941
959 1485 1944
960 1488 1947
961 1488 1950
962 1491 1950
963 1491 1953
964 1494 1953
965 1497 1956
966 1500 1956
967 1503 1959
968 1506 1962
969 1512 1962
970 1515 1962
971 1518 1965
972 1524 1965
973 1527 1965
974 1530 1965
975 1536 1968
976 1539 1968
977 1545 1968
978 1548 1971
979 1554 1971
980 1563 1974
981 1569 1977
982 1578 1977
983 1587 1980
984 1593 1983
985 1596 1983
986 1599 1983
987 1602 1983
988 1605 1986
989 1608 1986
990 1608 1989
991 1611 1989
992 1611 1992
993 1614 1992
994 1614 1995
995 1614 1998
996 1617 2001
997 1620 2004
998 1620 2007
999 1623 2007
1000 1623 2010
1001 1623 2013
1002 1626 2013
1003 1626 2016
1004 1626 2019
1005 1629 2022
1006 1629 2025
1007 1632 2031
1008 1632 2034
