0 84 21
1 84 24
2 84 27
3 84 30
4 84 36
5 84 39
6 84 42
7 84 45
8 84 48
9 84 51
10 84 54
11 84 57
12 84 60
13 84 63
14 84 66
15 84 69
16 84 72
17 84 75
18 84 78
19 81 78
20 81 81
21 81 84
22 81 87
23 78 87
24 78 90
25 78 93
26 78 96
27 78 99
28 78 102
29 78 105
30 81 111
31 84 114
32 84 117
33 87 120
34 87 123
35 90 123
36 90 126
37 93 126
38 93 129
39 96 129
40 96 132
41 99 132
42 102 135
43 105 135
44 105 138
45 108 138
46 111 138
47 111 141
48 114 141
49 117 141
50 117 144
51 120 144
52 123 144
53 126 147
54 129 147
55 132 147
56 135 150
57 138 150
58 141 150
59 144 150
60 144 153
61 147 153
62 150 153
63 153 153
64 156 153
65 156 156
66 159 156
67 162 156
68 165 156
69 165 159
70 168 159
71 171 159
72 171 162
73 174 162
74 174 168
75 177 171
76 177 174
77 177 177
78 180 180
79 180 183
80 180 186
81 180 189
82 180 192
83 183 192
84 183 195
85 183 198
86 183 201
87 183 204
88 183 207
89 183 210
90 186 210
91 189 213
92 195 216
93 198 216
94 204 219
95 213 219
96 219 222
97 225 222
98 234 225
99 237 225
100 240 228
101 243 228
102 246 228
103 249 231
104 252 231
105 252 234
106 255 234
107 258 237
108 261 237
109 261 240
110 264 240
111 264 243
112 264 246
113 264 249
114 264 252
115 264 255
116 264 258
117 264 261
118 264 264
119 261 264
120 261 267
121 261 270
122 258 270
123 258 273
124 255 273
125 255 276
126 255 279
127 252 282
128 252 285
129 252 288
130 249 288
131 249 291
132 249 294
133 246 297
134 246 300
135 246 303
136 243 303
137 243 306
138 243 309
139 243 312
140 243 315
141 240 318
142 240 324
143 240 327
144 240 330
145 237 330
146 237 333
147 237 336
148 237 339
149 237 342
150 234 342
151 234 345
152 234 348
153 234 351
154 234 354
155 234 357
156 231 357
157 231 360
158 231 363
159 231 366
160 231 369
161 231 372
162 231 375
163 231 378
164 231 381
165 231 384
166 231 387
167 231 390
168 231 393
169 231 396
170 231 399
171 231 402
172 231 405
173 231 408
174 234 408
175 234 411
176 234 414
177 234 417
178 234 420
179 234 423
180 234 426
181 234 429
182 234 432
183 234 435
184 237 438
185 237 441
186 237 444
187 240 444
188 240 447
189 240 450
190 243 453
191 243 456
192 243 459
193 246 459
194 246 462
195 246 465
196 246 468
197 249 471
198 252 480
199 252 483
200 252 486
201 252 489
202 255 492
203 255 495
204 255 498
205 258 498
206 258 501
207 258 504
208 258 507
209 261 507
210 261 510
211 261 513
212 264 516
213 264 519
214 267 519
215 267 522
216 267 525
217 267 528
218 270 528
219 270 531
220 270 534
221 273 534
222 273 537
223 273 540
224 276 543
225 276 546
226 279 546
227 279 552
228 282 558
229 285 564
230 288 567
231 291 570
232 291 573
233 294 576
234 294 579
235 297 582
236 297 585
237 300 588
238 300 591
239 303 594
240 303 597
241 306 597
242 306 600
243 309 600
244 309 603
245 309 606
246 312 609
247 315 612
248 315 615
249 318 615
250 318 618
251 321 618
252 321 621
253 324 621
254 324 624
255 327 627
256 330 627
257 333 630
258 336 630
259 339 630
260 342 633
261 345 636
262 348 636
263 348 639
264 351 639
265 354 642
266 357 642
267 357 645
268 360 645
269 363 648
270 366 648
271 369 648
272 369 651
273 372 651
274 372 654
275 375 654
276 381 657
277 384 660
278 387 660
279 390 660
280 393 663
281 396 666
282 399 666
283 399 669
284 402 669
285 405 669
286 405 672
287 408 672
288 411 672
289 411 675
290 414 675
291 417 675
292 417 678
293 420 678
294 420 681
295 423 681
296 426 681
297 426 684
298 429 684
299 432 684
300 435 687
301 438 687
302 441 690
303 444 690
304 447 693
305 450 693
306 453 696
307 456 696
308 459 696
309 459 699
310 462 699
311 465 699
312 465 702
313 468 702
314 471 702
315 471 705
316 474 705
317 477 705
318 477 708
319 480 708
320 483 708
321 483 711
322 486 711
323 489 711
324 489 714
325 492 714
326 495 714
327 495 717
328 498 717
329 498 720
330 501 720
331 504 720
332 507 723
333 510 723
334 510 726
335 513 726
336 516 729
337 519 732
338 525 735
339 531 735
340 534 738
341 537 738
342 540 741
343 543 744
344 549 747
345 552 747
346 555 750
347 561 753
348 564 756
349 567 756
350 570 756
351 573 759
352 576 759
353 579 759
354 582 759
355 585 759
356 588 759
357 591 759
358 594 759
359 597 759
360 600 759
361 603 759
362 606 759
363 609 759
364 612 759
365 615 759
366 618 759
367 621 759
368 624 759
369 627 759
370 630 759
371 633 756
372 645 756
373 648 753
374 654 753
375 657 753
376 663 753
377 666 753
378 669 753
379 672 753
380 675 753
381 678 750
382 681 750
383 684 750
384 687 750
385 690 750
386 693 750
387 693 747
388 696 747
389 699 747
390 702 747
391 705 747
392 708 744
393 711 744
394 714 744
395 717 744
396 720 744
397 723 744
398 726 744
399 729 744
400 732 744
401 735 744
402 741 744
403 744 744
404 747 744
405 750 744
406 753 744
407 756 744
408 759 744
409 759 747
410 762 747
411 765 747
412 765 750
413 765 753
414 765 756
415 765 759
416 765 762
417 765 765
418 765 768
419 765 771
420 765 774
421 765 777
422 762 777
423 762 780
424 762 783
425 762 786
426 762 789
427 762 792
428 762 795
429 762 798
430 762 801
431 762 804
432 765 804
433 765 807
434 765 810
435 765 813
436 765 816
437 768 816
438 768 819
439 768 822
440 768 825
441 771 825
442 771 828
443 771 831
444 771 834
445 771 837
446 774 837
447 774 840
448 774 843
449 777 846
450 777 849
451 777 852
452 777 855
453 777 858
454 777 861
455 777 864
456 777 867
457 774 870
458 774 873
459 774 876
460 774 879
461 774 882
462 771 885
463 771 888
464 771 891
465 771 894
466 771 897
467 771 900
468 771 903
469 771 906
470 771 909
471 771 912
472 771 915
473 771 918
474 771 921
475 768 921
476 768 924
477 768 927
478 768 930
479 768 933
480 765 933
481 765 936
482 765 939
483 765 942
484 765 945
485 765 948
486 765 951
487 765 954
488 765 957
489 765 960
490 765 963
491 765 966
492 765 969
493 768 969
494 768 972
495 768 975
496 771 975
497 771 978
498 774 978
499 774 981
500 777 981
501 777 984
502 780 984
503 780 987
504 783 987
505 786 987
506 789 990
507 792 990
508 795 990
509 798 990
510 798 993
511 801 993
512 804 993
513 804 996
514 807 996
515 807 999
516 810 1002
517 813 1005
518 813 1008
519 816 1011
520 819 1011
521 819 1014
522 819 1017
523 819 1020
524 822 1020
525 822 1023
526 822 1026
527 819 1026
528 819 1029
529 816 1029
530 816 1032
531 813 1032
532 813 1035
533 810 1035
534 810 1038
535 807 1038
536 807 1041
537 804 1041
538 804 1044
539 804 1047
540 801 1047
541 801 1050
542 801 1053
543 801 1056
544 801 1059
545 801 1062
546 804 1062
547 804 1065
548 807 1068
549 810 1071
550 810 1074
551 813 1074
552 813 1077
553 816 1077
554 819 1077
555 819 1080
556 822 1080
557 825 1080
558 828 1080
559 828 1083
560 831 1083
561 834 1083
562 834 1086
563 837 1086
564 840 1086
565 840 1089
566 843 1089
567 846 1089
568 849 1092
569 852 1092
570 855 1095
571 858 1095
572 858 1098
573 861 1098
574 864 1098
575 864 1101
576 867 1101
577 867 1104
578 870 1104
579 870 1107
580 873 1107
581 873 1110
582 873 1113
583 876 1113
584 876 1116
585 879 1119
586 882 1122
587 882 1125
588 885 1125
589 885 1128
590 888 1131
591 891 1134
592 891 1137
593 894 1140
594 894 1143
595 894 1146
596 897 1146
597 897 1149
598 897 1152
599 897 1155
600 900 1158
601 900 1161
602 900 1164
603 900 1167
604 903 1167
605 903 1170
606 903 1173
607 903 1179
608 903 1182
609 903 1185
610 906 1188
611 906 1191
612 906 1194
613 906 1197
614 906 1200
615 906 1203
616 906 1206
617 906 1209
618 906 1212
619 906 1215
620 909 1215
621 909 1218
622 909 1221
623 909 1224
624 912 1224
625 912 1227
626 912 1230
627 912 1233
628 915 1233
629 915 1236
630 915 1239
631 918 1242
632 918 1245
633 918 1248
634 921 1248
635 921 1251
636 921 1254
637 924 1257
638 924 1260
639 924 1263
640 927 1263
641 927 1266
642 927 1269
643 930 1269
644 930 1272
645 930 1275
646 933 1278
647 933 1281
648 936 1284
649 936 1287
650 936 1290
651 939 1293
652 939 1299
653 942 1302
654 942 1308
655 945 1314
656 945 1317
657 948 1317
658 948 1320
659 948 1323
660 951 1323
661 951 1326
662 951 1329
663 954 1332
664 957 1335
665 960 1338
666 963 1341
667 963 1344
668 966 1344
669 966 1347
670 969 1350
671 969 1353
672 972 1353
673 972 1356
674 975 1362
675 978 1365
676 978 1368
677 981 1368
678 981 1371
679 984 1374
680 984 1377
681 987 1377
682 987 1380
683 990 1380
684 990 1383
685 993 1383
686 993 1386
687 996 1386
688 996 1389
689 999 1389
690 1002 1392
691 1005 1392
692 1005 1395
693 1008 1395
694 1011 1398
695 1014 1398
696 1014 1401
697 1017 1401
698 1020 1404
699 1023 1404
700 1023 1407
701 1026 1407
702 1026 1410
703 1029 1410
704 1029 1413
705 1029 1416
706 1029 1419
707 1029 1425
708 1029 1428
709 1032 1434
710 1032 1440
711 1032 1443
712 1032 1452
713 1032 1458
714 1032 1467
715 1035 1470
716 1035 1473
717 1035 1479
718 1035 1482
719 1038 1482
720 1038 1485
721 1038 1488
722 1038 1491
723 1038 1494
724 1038 1497
725 1038 1500
726 1041 1503
727 1041 1506
728 1041 1509
729 1041 1512
730 1041 1515
731 1044 1515
732 1044 1518
733 1044 1521
734 1044 1524
735 1044 1527
736 1047 1527
737 1047 1530
738 1047 1533
739 1047 1536
740 1047 1539
741 1050 1539
742 1050 1542
743 1050 1545
744 1050 1548
745 1053 1548
746 1053 1551
747 1053 1554
748 1056 1554
749 1059 1554
750 1062 1554
751 1065 1554
752 1068 1554
753 1071 1554
754 1071 1551
755 1074 1551
756 1077 1551
757 1080 1551
758 1080 1548
759 1083 1548
760 1086 1548
761 1089 1545
762 1092 1545
763 1095 1545
764 1098 1545
765 1101 1545
766 1104 1545
767 1107 1545
768 1110 1545
769 1113 1545
770 1116 1545
771 1119 1545
772 1122 1548
773 1125 1548
774 1125 1551
775 1125 1554
776 1128 1554
777 1128 1557
778 1128 1560
779 1128 1563
780 1128 1566
781 1128 1569
782 1128 1572
783 1128 1575
784 1125 1581
785 1125 1587
786 1122 1590
787 1122 1599
788 1122 1602
789 1119 1608
790 1119 1611
791 1119 1614
792 1119 1617
793 1116 1617
794 1116 1620
795 1116 1623
796 1116 1626
797 1113 1626
798 1113 1629
799 1113 1632
800 1113 1635
801 1113 1638
802 1113 1641
803 1113 1647
804 1116 1647
805 1116 1650
806 1116 1653
807 1116 1656
808 1119 1659
809 1119 1662
810 1119 1665
811 1122 1665
812 1122 1668
813 1122 1671
814 1125 1671
815 1125 1674
816 1128 1674
817 1128 1677
818 1128 1680
819 1131 1680
820 1131 1683
821 1131 1686
822 1134 1686
823 1134 1689
824 1137 1692
825 1137 1695
826 1137 1698
827 1140 1701
828 1140 1704
829 1143 1710
830 1146 1716
831 1146 1719
832 1149 1725
833 1152 1728
834 1152 1734
835 1155 1737
836 1158 1740
837 1158 1743
838 1161 1746
839 1161 1749
840 1164 1749
841 1164 1752
842 1164 1755
843 1167 1758
844 1167 1761
845 1170 1764
846 1170 1767
847 1173 1770
848 1173 1773
849 1176 1776
850 1176 1779
851 1176 1782
852 1179 1782
853 1179 1785
854 1182 1785
855 1182 1788
856 1185 1788
857 1185 1791
858 1188 1791
859 1188 1794
860 1188 1797
861 1191 1797
862 1191 1800
863 1194 1800
864 1194 1803
865 1197 1803
866 1197 1806
867 1200 1806
868 1200 1809
869 1203 1809
870 1203 1812
871 1206 1815
872 1206 1818
873 1209 1818
874 1209 1821
875 1212 1821
876 1212 1824
877 1215 1824
878 1215 1827
879 1218 1827
880 1221 1830
881 1224 1830
882 1224 1833
883 1227 1833
884 1227 1836
885 1230 1836
886 1233 1836
887 1233 1839
888 1236 1839
889 1239 1842
890 1242 1842
891 1242 1845
892 1245 1845
893 1248 1845
894 1251 1848
895 1254 1848
896 1257 1848
897 1263 1848
898 1266 1848
899 1272 1848
900 1275 1848
901 1278 1848
902 1284 1848
903 1287 1848
904 1290 1848
905 1293 1851
906 1296 1851
907 1299 1851
908 1302 1854
909 1305 1854
910 1308 1857
911 1311 1857
912 1311 1860
913 1314 1860
914 1314 1863
915 1314 1866
916 1314 1869
917 1314 1872
918 1311 1875
919 1308 1878
920 1305 1881
921 1302 1881
922 1302 1884
923 1299 1884
924 1296 1884
925 1293 1884
926 1293 1887
927 1290 1887
928 1287 1887
929 1284 1890
930 1281 1890
931 1278 1890
932 1278 1893
933 1275 1893
934 1272 1893
935 1272 1896
936 1269 1896
937 1269 1899
938 1269 1902
939 1266 1902
940 1266 1905
941 1266 1908
942 1266 1911
943 1266 1914
944 1269 1914
945 1269 1917
946 1269 1920
947 1269 1923
948 1272 1926
949 1272 1929
950 1275 1929
951 1275 1932
952 1278 1935
953 1278 1938
954 1278 1941
955 1281 1944
956 1281 1947
957 1284 1947
958 1284 1953
959 1287 1953
960 1287 1956
961 1290 1956
962 1290 1959
963 1296 1962
964 1299 1965
965 1302 1968
966 1305 1971
967 1308 1974
968 1311 1974
969 1311 1977
970 1314 1977
971 1317 1980
972 1317 1983
973 1320 1983
974 1323 1986
975 1326 1986
976 1326 1989
977 1329 1989
978 1332 1989
979 1332 1992
980 1335 1992
981 1338 1992
982 1341 1995
983 1347 1995
984 1350 1995
985 1353 1995
986 1356 1995
987 1359 1995
988 1362 1995
989 1365 1995
990 1368 1995
991 1371 1995
992 1374 1995
993 1377 1995
994 1380 1995
995 1383 1995
996 1386 1995
997 1389 1995
998 1395 1995
999 1398 1995
1000 1404 1995
1001 1407 1995
1002 1410 1995
1003 1413 1995
1004 1416 1995
1005 1419 1995
1006 1425 1995
1007 1428 1995
1008 1434 1995
1009 1437 1995
1010 1440 1995
1011 1443 1995
1012 1446 1995
1013 1446 1998
1014 1449 1998
1015 1452 1998
1016 1458 1998
1017 1461 2001
1018 1464 2001
1019 1467 2004
1020 1470 2004
1021 1473 2004
1022 1479 2007
1023 1482 2007
1024 1488 2010
1025 1494 2010
1026 1497 2013
1027 1500 2013
1028 1503 2013
1029 1506 2016
1030 1509 2016
1031 1512 2016
1032 1515 2019
1033 1518 2019
1034 1518 2022
1035 1521 2022
1036 1524 2022
1037 1524 2025
1038 1527 2025
1039 1530 2028
1040 1533 2028
1041 1533 2031
1042 1536 2031
1043 1539 2034
1044 1542 2034
1045 1545 2034
1046 1545 2037
1047 1548 2037
1048 1551 2040
1049 1554 2040
1050 1557 2040
1051 1557 2043
1052 1560 2043
1053 1563 2046
1054 1566 2046
1055 1566 2048
1056 1569 2048
1057 1572 2048
1058 1575 2048
1059 1578 2048
1060 1587 2048
1061 1593 2048
